0 0.99 0.01 0 
0.1 0.989901 0.0100324 6.67745e-05 
0.2 0.989801 0.0100649 0.000133765 
0.3 0.989702 0.0100974 0.000200973 
0.4 0.989602 0.0101301 0.000268398 
0.5 0.989501 0.0101629 0.000336041 
0.6 0.9894 0.0101957 0.000403903 
0.7 0.989299 0.0102287 0.000471984 
0.8 0.989198 0.0102617 0.000540285 
0.9 0.989096 0.0102949 0.000608807 
1 0.988994 0.0103281 0.00067755 
1.1 0.988892 0.0103614 0.000746515 
1.2 0.988789 0.0103949 0.000815703 
1.3 0.988686 0.0104284 0.000885114 
1.4 0.988583 0.010462 0.000954749 
1.5 0.98848 0.0104958 0.00102461 
1.6 0.988376 0.0105296 0.00109469 
1.7 0.988271 0.0105635 0.001165 
1.8 0.988167 0.0105975 0.00123554 
1.9 0.988062 0.0106317 0.0013063 
2 0.987957 0.0106659 0.0013773 
2.1 0.987851 0.0107002 0.00144852 
2.2 0.987745 0.0107346 0.00151996 
2.3 0.987639 0.0107691 0.00159164 
2.4 0.987533 0.0108037 0.00166355 
2.5 0.987426 0.0108385 0.00173569 
2.6 0.987319 0.0108733 0.00180807 
2.7 0.987211 0.0109082 0.00188067 
2.8 0.987103 0.0109432 0.00195351 
2.9 0.986995 0.0109783 0.00202658 
3 0.986887 0.0110135 0.00209989 
3.1 0.986778 0.0110489 0.00217343 
3.2 0.986669 0.0110843 0.00224721 
3.3 0.986559 0.0111198 0.00232122 
3.4 0.986449 0.0111554 0.00239547 
3.5 0.986339 0.0111911 0.00246996 
3.6 0.986228 0.011227 0.00254468 
3.7 0.986117 0.0112629 0.00261965 
3.8 0.986006 0.0112989 0.00269486 
3.9 0.985895 0.0113351 0.0027703 
4 0.985783 0.0113713 0.00284599 
4.1 0.98567 0.0114076 0.00292192 
4.2 0.985558 0.0114441 0.00299809 
4.3 0.985445 0.0114806 0.00307451 
4.4 0.985332 0.0115173 0.00315117 
4.5 0.985218 0.011554 0.00322807 
4.6 0.985104 0.0115909 0.00330522 
4.7 0.98499 0.0116278 0.00338262 
4.8 0.984875 0.0116649 0.00346026 
4.9 0.98476 0.0117021 0.00353815 
5 0.984644 0.0117394 0.00361629 
5.1 0.984529 0.0117767 0.00369468 
5.2 0.984412 0.0118142 0.00377331 
5.3 0.984296 0.0118518 0.0038522 
5.4 0.984179 0.0118895 0.00393134 
5.5 0.984062 0.0119273 0.00401073 
5.6 0.983944 0.0119652 0.00409037 
5.7 0.983826 0.0120032 0.00417026 
5.8 0.983708 0.0120414 0.00425041 
5.9 0.98359 0.0120796 0.00433081 
6 0.983471 0.0121179 0.00441147 
6.1 0.983351 0.0121564 0.00449239 
6.2 0.983232 0.0121949 0.00457356 
6.3 0.983111 0.0122336 0.00465499 
6.4 0.982991 0.0122724 0.00473667 
6.5 0.98287 0.0123112 0.00481862 
6.6 0.982749 0.0123502 0.00490082 
6.7 0.982627 0.0123893 0.00498329 
6.8 0.982505 0.0124285 0.00506601 
6.9 0.982383 0.0124678 0.005149 
7 0.982261 0.0125072 0.00523225 
7.1 0.982137 0.0125468 0.00531577 
7.2 0.982014 0.0125864 0.00539954 
7.3 0.98189 0.0126261 0.00548358 
7.4 0.981766 0.012666 0.00556789 
7.5 0.981642 0.012706 0.00565246 
7.6 0.981517 0.012746 0.0057373 
7.7 0.981391 0.0127862 0.00582241 
7.8 0.981266 0.0128265 0.00590779 
7.9 0.98114 0.0128669 0.00599343 
8 0.981013 0.0129074 0.00607935 
8.1 0.980886 0.0129481 0.00616553 
8.2 0.980759 0.0129888 0.00625199 
8.3 0.980632 0.0130297 0.00633872 
8.4 0.980504 0.0130706 0.00642572 
8.5 0.980375 0.0131117 0.00651299 
8.6 0.980247 0.0131529 0.00660054 
8.7 0.980117 0.0131942 0.00668836 
8.8 0.979988 0.0132356 0.00677646 
8.9 0.979858 0.0132771 0.00686484 
9 0.979728 0.0133188 0.00695349 
9.1 0.979597 0.0133605 0.00704242 
9.2 0.979466 0.0134024 0.00713163 
9.3 0.979335 0.0134444 0.00722112 
9.4 0.979203 0.0134865 0.00731089 
9.5 0.97907 0.0135287 0.00740094 
9.6 0.978938 0.013571 0.00749127 
9.7 0.978805 0.0136134 0.00758189 
9.8 0.978671 0.013656 0.00767279 
9.9 0.978537 0.0136986 0.00776397 
10 0.978403 0.0137414 0.00785544 
10.1 0.978268 0.0137843 0.00794719 
10.2 0.978133 0.0138273 0.00803923 
10.3 0.977998 0.0138705 0.00813155 
10.4 0.977862 0.0139137 0.00822417 
10.5 0.977726 0.0139571 0.00831707 
10.6 0.977589 0.0140005 0.00841026 
10.7 0.977452 0.0140441 0.00850374 
10.8 0.977315 0.0140878 0.00859752 
10.9 0.977177 0.0141316 0.00869158 
11 0.977038 0.0141756 0.00878594 
11.1 0.9769 0.0142196 0.00888059 
11.2 0.976761 0.0142638 0.00897553 
11.3 0.976621 0.0143081 0.00907077 
11.4 0.976481 0.0143525 0.00916631 
11.5 0.976341 0.014397 0.00926214 
11.6 0.9762 0.0144417 0.00935827 
11.7 0.976059 0.0144864 0.0094547 
11.8 0.975917 0.0145313 0.00955142 
11.9 0.975775 0.0145763 0.00964845 
12 0.975633 0.0146214 0.00974577 
12.1 0.97549 0.0146667 0.0098434 
12.2 0.975347 0.014712 0.00994133 
12.3 0.975203 0.0147575 0.0100396 
12.4 0.975059 0.0148031 0.0101381 
12.5 0.974914 0.0148488 0.0102369 
12.6 0.974769 0.0148946 0.0103361 
12.7 0.974624 0.0149406 0.0104355 
12.8 0.974478 0.0149866 0.0105353 
12.9 0.974332 0.0150328 0.0106354 
13 0.974185 0.0150791 0.0107357 
13.1 0.974038 0.0151256 0.0108364 
13.2 0.97389 0.0151721 0.0109374 
13.3 0.973742 0.0152188 0.0110387 
13.4 0.973594 0.0152656 0.0111403 
13.5 0.973445 0.0153125 0.0112422 
13.6 0.973296 0.0153595 0.0113445 
13.7 0.973146 0.0154067 0.011447 
13.8 0.972996 0.015454 0.0115499 
13.9 0.972846 0.0155014 0.0116531 
14 0.972694 0.0155489 0.0117566 
14.1 0.972543 0.0155966 0.0118604 
14.2 0.972391 0.0156443 0.0119645 
14.3 0.972239 0.0156922 0.012069 
14.4 0.972086 0.0157402 0.0121738 
14.5 0.971933 0.0157884 0.0122789 
14.6 0.971779 0.0158366 0.0123843 
14.7 0.971625 0.015885 0.01249 
14.8 0.97147 0.0159335 0.0125961 
14.9 0.971315 0.0159821 0.0127025 
15 0.97116 0.0160309 0.0128092 
15.1 0.971004 0.0160798 0.0129162 
15.2 0.970848 0.0161288 0.0130236 
15.3 0.970691 0.0161779 0.0131313 
15.4 0.970534 0.0162271 0.0132393 
15.5 0.970376 0.0162765 0.0133476 
15.6 0.970218 0.016326 0.0134563 
15.7 0.970059 0.0163756 0.0135653 
15.8 0.9699 0.0164254 0.0136746 
15.9 0.96974 0.0164752 0.0137843 
16 0.96958 0.0165252 0.0138943 
16.1 0.96942 0.0165753 0.0140047 
16.2 0.969259 0.0166256 0.0141153 
16.3 0.969098 0.016676 0.0142263 
16.4 0.968936 0.0167265 0.0143377 
16.5 0.968774 0.0167771 0.0144493 
16.6 0.968611 0.0168278 0.0145614 
16.7 0.968448 0.0168787 0.0146737 
16.8 0.968284 0.0169297 0.0147864 
16.9 0.96812 0.0169808 0.0148994 
17 0.967955 0.0170321 0.0150128 
17.1 0.96779 0.0170835 0.0151265 
17.2 0.967624 0.017135 0.0152406 
17.3 0.967458 0.0171866 0.015355 
17.4 0.967292 0.0172383 0.0154698 
17.5 0.967125 0.0172902 0.0155849 
17.6 0.966957 0.0173422 0.0157003 
17.7 0.96679 0.0173944 0.0158161 
17.8 0.966621 0.0174467 0.0159322 
17.9 0.966452 0.0174991 0.0160487 
18 0.966283 0.0175516 0.0161655 
18.1 0.966113 0.0176042 0.0162827 
18.2 0.965943 0.017657 0.0164003 
18.3 0.965772 0.0177099 0.0165182 
18.4 0.965601 0.0177629 0.0166364 
18.5 0.965429 0.0178161 0.016755 
18.6 0.965257 0.0178694 0.0168739 
18.7 0.965084 0.0179228 0.0169933 
18.8 0.964911 0.0179764 0.0171129 
18.9 0.964737 0.0180301 0.0172329 
19 0.964563 0.0180839 0.0173533 
19.1 0.964388 0.0181378 0.0174741 
19.2 0.964213 0.0181919 0.0175952 
19.3 0.964037 0.0182461 0.0177166 
19.4 0.963861 0.0183004 0.0178384 
19.5 0.963685 0.0183548 0.0179606 
19.6 0.963507 0.0184094 0.0180832 
19.7 0.96333 0.0184641 0.0182061 
19.8 0.963152 0.018519 0.0183294 
19.9 0.962973 0.0185739 0.018453 
20 0.962794 0.018629 0.018577 
20.1 0.962614 0.0186843 0.0187014 
20.2 0.962434 0.0187396 0.0188261 
20.3 0.962254 0.0187951 0.0189513 
20.4 0.962073 0.0188507 0.0190767 
20.5 0.961891 0.0189065 0.0192026 
20.6 0.961709 0.0189624 0.0193288 
20.7 0.961526 0.0190184 0.0194554 
20.8 0.961343 0.0190745 0.0195824 
20.9 0.961159 0.0191308 0.0197098 
21 0.960975 0.0191872 0.0198375 
21.1 0.960791 0.0192437 0.0199656 
21.2 0.960606 0.0193004 0.0200941 
21.3 0.96042 0.0193572 0.0202229 
21.4 0.960234 0.0194141 0.0203522 
21.5 0.960047 0.0194712 0.0204818 
21.6 0.95986 0.0195284 0.0206118 
21.7 0.959672 0.0195857 0.0207422 
21.8 0.959484 0.0196432 0.0208729 
21.9 0.959295 0.0197007 0.0210041 
22 0.959106 0.0197585 0.0211356 
22.1 0.958916 0.0198163 0.0212675 
22.2 0.958726 0.0198743 0.0213998 
22.3 0.958535 0.0199324 0.0215325 
22.4 0.958344 0.0199906 0.0216656 
22.5 0.958152 0.020049 0.021799 
22.6 0.95796 0.0201075 0.0219329 
22.7 0.957767 0.0201661 0.0220671 
22.8 0.957573 0.0202249 0.0222018 
22.9 0.957379 0.0202838 0.0223368 
23 0.957185 0.0203429 0.0224722 
23.1 0.95699 0.020402 0.022608 
23.2 0.956794 0.0204613 0.0227443 
23.3 0.956598 0.0205207 0.0228809 
23.4 0.956402 0.0205803 0.0230179 
23.5 0.956205 0.02064 0.0231553 
23.6 0.956007 0.0206998 0.0232931 
23.7 0.955809 0.0207598 0.0234313 
23.8 0.95561 0.0208199 0.0235699 
23.9 0.955411 0.0208801 0.0237089 
24 0.955211 0.0209405 0.0238483 
24.1 0.955011 0.021001 0.0239881 
24.2 0.95481 0.0210616 0.0241283 
24.3 0.954609 0.0211223 0.0242689 
24.4 0.954407 0.0211832 0.0244099 
24.5 0.954204 0.0212442 0.0245513 
24.6 0.954001 0.0213054 0.0246932 
24.7 0.953798 0.0213667 0.0248354 
24.8 0.953594 0.0214281 0.0249781 
24.9 0.953389 0.0214896 0.0251211 
25 0.953184 0.0215513 0.0252646 
25.1 0.952978 0.0216131 0.0254085 
25.2 0.952772 0.0216751 0.0255528 
25.3 0.952565 0.0217372 0.0256975 
25.4 0.952358 0.0217994 0.0258426 
25.5 0.95215 0.0218617 0.0259881 
25.6 0.951942 0.0219242 0.0261341 
25.7 0.951733 0.0219868 0.0262805 
25.8 0.951523 0.0220495 0.0264272 
25.9 0.951313 0.0221124 0.0265744 
26 0.951102 0.0221754 0.0267221 
26.1 0.950891 0.0222386 0.0268701 
26.2 0.95068 0.0223018 0.0270186 
26.3 0.950467 0.0223653 0.0271675 
26.4 0.950254 0.0224288 0.0273168 
26.5 0.950041 0.0224925 0.0274665 
26.6 0.949827 0.0225563 0.0276167 
26.7 0.949613 0.0226202 0.0277673 
26.8 0.949397 0.0226843 0.0279183 
26.9 0.949182 0.0227485 0.0280697 
27 0.948966 0.0228128 0.0282216 
27.1 0.948749 0.0228773 0.0283739 
27.2 0.948531 0.0229419 0.0285266 
27.3 0.948314 0.0230066 0.0286798 
27.4 0.948095 0.0230715 0.0288334 
27.5 0.947876 0.0231365 0.0289874 
27.6 0.947657 0.0232016 0.0291419 
27.7 0.947436 0.0232669 0.0292968 
27.8 0.947216 0.0233322 0.0294521 
27.9 0.946994 0.0233978 0.0296079 
28 0.946772 0.0234634 0.0297641 
28.1 0.94655 0.0235292 0.0299207 
28.2 0.946327 0.0235951 0.0300778 
28.3 0.946103 0.0236612 0.0302353 
28.4 0.945879 0.0237274 0.0303933 
28.5 0.945655 0.0237937 0.0305517 
28.6 0.945429 0.0238601 0.0307105 
28.7 0.945203 0.0239267 0.0308698 
28.8 0.944977 0.0239934 0.0310296 
28.9 0.94475 0.0240603 0.0311897 
29 0.944522 0.0241272 0.0313504 
29.1 0.944294 0.0241943 0.0315114 
29.2 0.944065 0.0242616 0.0316729 
29.3 0.943836 0.0243289 0.0318349 
29.4 0.943606 0.0243964 0.0319973 
29.5 0.943376 0.0244641 0.0321602 
29.6 0.943145 0.0245318 0.0323235 
29.7 0.942913 0.0245997 0.0324873 
29.8 0.942681 0.0246677 0.0326515 
29.9 0.942448 0.0247359 0.0328162 
30 0.942214 0.0248042 0.0329813 
30.1 0.94198 0.0248726 0.0331469 
30.2 0.941746 0.0249411 0.033313 
30.3 0.941511 0.0250098 0.0334795 
30.4 0.941275 0.0250786 0.0336464 
30.5 0.941039 0.0251475 0.0338139 
30.6 0.940802 0.0252166 0.0339817 
30.7 0.940564 0.0252858 0.0341501 
30.8 0.940326 0.0253551 0.0343189 
30.9 0.940087 0.0254246 0.0344881 
31 0.939848 0.0254942 0.0346579 
31.1 0.939608 0.0255639 0.0348281 
31.2 0.939368 0.0256337 0.0349987 
31.3 0.939126 0.0257037 0.0351698 
31.4 0.938885 0.0257738 0.0353414 
31.5 0.938643 0.025844 0.0355135 
31.6 0.9384 0.0259143 0.035686 
31.7 0.938156 0.0259848 0.035859 
31.8 0.937912 0.0260554 0.0360325 
31.9 0.937667 0.0261262 0.0362064 
32 0.937422 0.026197 0.0363808 
32.1 0.937176 0.026268 0.0365557 
32.2 0.93693 0.0263392 0.0367311 
32.3 0.936683 0.0264104 0.0369069 
32.4 0.936435 0.0264818 0.0370832 
32.5 0.936187 0.0265533 0.03726 
32.6 0.935938 0.0266249 0.0374373 
32.7 0.935688 0.0266967 0.037615 
32.8 0.935438 0.0267686 0.0377932 
32.9 0.935188 0.0268406 0.0379719 
33 0.934936 0.0269127 0.0381511 
33.1 0.934684 0.026985 0.0383308 
33.2 0.934432 0.0270573 0.0385109 
33.3 0.934179 0.0271299 0.0386915 
33.4 0.933925 0.0272025 0.0388726 
33.5 0.933671 0.0272753 0.0390542 
33.6 0.933416 0.0273481 0.0392363 
33.7 0.93316 0.0274212 0.0394189 
33.8 0.932904 0.0274943 0.0396019 
33.9 0.932647 0.0275676 0.0397855 
34 0.93239 0.0276409 0.0399695 
34.1 0.932132 0.0277145 0.040154 
34.2 0.931873 0.0277881 0.040339 
34.3 0.931614 0.0278618 0.0405245 
34.4 0.931354 0.0279357 0.0407105 
34.5 0.931093 0.0280097 0.040897 
34.6 0.930832 0.0280839 0.041084 
34.7 0.93057 0.0281581 0.0412714 
34.8 0.930308 0.0282325 0.0414594 
34.9 0.930045 0.028307 0.0416479 
35 0.929782 0.0283816 0.0418368 
35.1 0.929517 0.0284563 0.0420263 
35.2 0.929253 0.0285312 0.0422162 
35.3 0.928987 0.0286062 0.0424067 
35.4 0.928721 0.0286813 0.0425977 
35.5 0.928454 0.0287565 0.0427891 
35.6 0.928187 0.0288318 0.0429811 
35.7 0.927919 0.0289073 0.0431735 
35.8 0.927651 0.0289829 0.0433665 
35.9 0.927381 0.0290586 0.04356 
36 0.927112 0.0291344 0.043754 
36.1 0.926841 0.0292103 0.0439484 
36.2 0.92657 0.0292864 0.0441434 
36.3 0.926299 0.0293626 0.0443389 
36.4 0.926026 0.0294389 0.0445349 
36.5 0.925753 0.0295153 0.0447314 
36.6 0.92548 0.0295918 0.0449285 
36.7 0.925206 0.0296684 0.045126 
36.8 0.924931 0.0297452 0.045324 
36.9 0.924655 0.0298221 0.0455226 
37 0.924379 0.0298991 0.0457217 
37.1 0.924103 0.0299762 0.0459213 
37.2 0.923825 0.0300534 0.0461214 
37.3 0.923547 0.0301308 0.046322 
37.4 0.923269 0.0302082 0.0465231 
37.5 0.922989 0.0302858 0.0467248 
37.6 0.92271 0.0303635 0.0469269 
37.7 0.922429 0.0304413 0.0471296 
37.8 0.922148 0.0305192 0.0473328 
37.9 0.921866 0.0305972 0.0475365 
38 0.921584 0.0306754 0.0477408 
38.1 0.921301 0.0307536 0.0479455 
38.2 0.921017 0.030832 0.0481508 
38.3 0.920733 0.0309105 0.0483566 
38.4 0.920448 0.030989 0.0485629 
38.5 0.920162 0.0310677 0.0487698 
38.6 0.919876 0.0311466 0.0489772 
38.7 0.919589 0.0312255 0.0491851 
38.8 0.919302 0.0313045 0.0493935 
38.9 0.919014 0.0313836 0.0496025 
39 0.918725 0.0314629 0.049812 
39.1 0.918436 0.0315423 0.050022 
39.2 0.918146 0.0316217 0.0502325 
39.3 0.917855 0.0317013 0.0504436 
39.4 0.917564 0.031781 0.0506552 
39.5 0.917272 0.0318608 0.0508674 
39.6 0.916979 0.0319407 0.05108 
39.7 0.916686 0.0320207 0.0512932 
39.8 0.916392 0.0321008 0.051507 
39.9 0.916098 0.032181 0.0517212 
40 0.915803 0.0322613 0.0519361 
40.1 0.915507 0.0323418 0.0521514 
40.2 0.91521 0.0324223 0.0523673 
40.3 0.914913 0.0325029 0.0525837 
40.4 0.914616 0.0325837 0.0528007 
40.5 0.914317 0.0326645 0.0530181 
40.6 0.914018 0.0327454 0.0532362 
40.7 0.913719 0.0328265 0.0534548 
40.8 0.913418 0.0329076 0.0536739 
40.9 0.913118 0.0329889 0.0538935 
41 0.912816 0.0330702 0.0541137 
41.1 0.912514 0.0331517 0.0543345 
41.2 0.912211 0.0332333 0.0545557 
41.3 0.911908 0.0333149 0.0547776 
41.4 0.911603 0.0333967 0.0549999 
41.5 0.911299 0.0334785 0.0552229 
41.6 0.910993 0.0335605 0.0554463 
41.7 0.910687 0.0336425 0.0556703 
41.8 0.91038 0.0337246 0.0558949 
41.9 0.910073 0.0338069 0.05612 
42 0.909765 0.0338892 0.0563456 
42.1 0.909457 0.0339716 0.0565718 
42.2 0.909147 0.0340542 0.0567986 
42.3 0.908837 0.0341368 0.0570259 
42.4 0.908527 0.0342195 0.0572538 
42.5 0.908216 0.0343023 0.0574822 
42.6 0.907904 0.0343852 0.0577111 
42.7 0.907591 0.0344682 0.0579406 
42.8 0.907278 0.0345513 0.0581707 
42.9 0.906964 0.0346345 0.0584013 
43 0.90665 0.0347178 0.0586325 
43.1 0.906335 0.0348011 0.0588642 
43.2 0.906019 0.0348846 0.0590965 
43.3 0.905703 0.0349681 0.0593294 
43.4 0.905385 0.0350518 0.0595628 
43.5 0.905068 0.0351355 0.0597967 
43.6 0.904749 0.0352193 0.0600312 
43.7 0.904431 0.0353032 0.0602663 
43.8 0.904111 0.0353872 0.0605019 
43.9 0.903791 0.0354712 0.0607381 
44 0.90347 0.0355554 0.0609749 
44.1 0.903148 0.0356396 0.0612122 
44.2 0.902826 0.0357239 0.0614501 
44.3 0.902503 0.0358083 0.0616885 
44.4 0.90218 0.0358928 0.0619275 
44.5 0.901856 0.0359774 0.0621671 
44.6 0.901531 0.0360621 0.0624072 
44.7 0.901205 0.0361468 0.0626479 
44.8 0.900879 0.0362316 0.0628892 
44.9 0.900552 0.0363165 0.063131 
45 0.900225 0.0364015 0.0633734 
45.1 0.899897 0.0364866 0.0636164 
45.2 0.899568 0.0365717 0.0638599 
45.3 0.899239 0.0366569 0.064104 
45.4 0.898909 0.0367422 0.0643486 
45.5 0.898579 0.0368276 0.0645939 
45.6 0.898247 0.036913 0.0648397 
45.7 0.897915 0.0369985 0.0650861 
45.8 0.897583 0.0370841 0.065333 
45.9 0.89725 0.0371698 0.0655805 
46 0.896916 0.0372555 0.0658286 
46.1 0.896581 0.0373414 0.0660772 
46.2 0.896246 0.0374273 0.0663265 
46.3 0.895911 0.0375132 0.0665763 
46.4 0.895574 0.0375992 0.0668267 
46.5 0.895237 0.0376854 0.0670776 
46.6 0.894899 0.0377715 0.0673291 
46.7 0.894561 0.0378578 0.0675812 
46.8 0.894222 0.0379441 0.0678339 
46.9 0.893882 0.0380305 0.0680871 
47 0.893542 0.0381169 0.068341 
47.1 0.893201 0.0382034 0.0685954 
47.2 0.89286 0.03829 0.0688503 
47.3 0.892517 0.0383766 0.0691059 
47.4 0.892175 0.0384633 0.069362 
47.5 0.891831 0.0385501 0.0696187 
47.6 0.891487 0.0386369 0.069876 
47.7 0.891142 0.0387238 0.0701339 
47.8 0.890797 0.0388108 0.0703924 
47.9 0.890451 0.0388978 0.0706514 
48 0.890104 0.0389849 0.070911 
48.1 0.889757 0.039072 0.0711712 
48.2 0.889409 0.0391592 0.071432 
48.3 0.88906 0.0392465 0.0716933 
48.4 0.888711 0.0393338 0.0719552 
48.5 0.888361 0.0394211 0.0722178 
48.6 0.888011 0.0395086 0.0724809 
48.7 0.887659 0.039596 0.0727445 
48.8 0.887308 0.0396836 0.0730088 
48.9 0.886955 0.0397712 0.0732737 
49 0.886602 0.0398588 0.0735391 
49.1 0.886248 0.0399465 0.0738051 
49.2 0.885894 0.0400342 0.0740717 
49.3 0.885539 0.040122 0.0743389 
49.4 0.885183 0.0402099 0.0746067 
49.5 0.884827 0.0402977 0.074875 
49.6 0.88447 0.0403857 0.075144 
49.7 0.884113 0.0404737 0.0754135 
49.8 0.883755 0.0405617 0.0756836 
49.9 0.883396 0.0406498 0.0759543 
50 0.883036 0.0407379 0.0762256 
50.1 0.882676 0.0408261 0.0764975 
50.2 0.882316 0.0409143 0.07677 
50.3 0.881954 0.0410025 0.077043 
50.4 0.881593 0.0410908 0.0773167 
50.5 0.88123 0.0411792 0.0775909 
50.6 0.880867 0.0412675 0.0778657 
50.7 0.880503 0.0413559 0.0781411 
50.8 0.880138 0.0414444 0.0784171 
50.9 0.879773 0.0415329 0.0786937 
51 0.879408 0.0416214 0.0789709 
51.1 0.879041 0.04171 0.0792487 
51.2 0.878674 0.0417986 0.079527 
51.3 0.878307 0.0418872 0.079806 
51.4 0.877939 0.0419759 0.0800855 
51.5 0.87757 0.0420646 0.0803657 
51.6 0.8772 0.0421533 0.0806464 
51.7 0.87683 0.0422421 0.0809277 
51.8 0.87646 0.0423309 0.0812096 
51.9 0.876088 0.0424197 0.0814921 
52 0.875716 0.0425085 0.0817752 
52.1 0.875344 0.0425974 0.0820589 
52.2 0.87497 0.0426863 0.0823432 
52.3 0.874597 0.0427752 0.0826281 
52.4 0.874222 0.0428642 0.0829135 
52.5 0.873847 0.0429532 0.0831996 
52.6 0.873472 0.0430422 0.0834862 
52.7 0.873095 0.0431312 0.0837735 
52.8 0.872718 0.0432203 0.0840613 
52.9 0.872341 0.0433093 0.0843497 
53 0.871963 0.0433984 0.0846388 
53.1 0.871584 0.0434875 0.0849284 
53.2 0.871205 0.0435766 0.0852186 
53.3 0.870825 0.0436658 0.0855094 
53.4 0.870444 0.0437549 0.0858008 
53.5 0.870063 0.0438441 0.0860928 
53.6 0.869681 0.0439333 0.0863854 
53.7 0.869299 0.0440225 0.0866786 
53.8 0.868916 0.0441117 0.0869724 
53.9 0.868532 0.0442009 0.0872667 
54 0.868148 0.0442901 0.0875617 
54.1 0.867763 0.0443794 0.0878573 
54.2 0.867378 0.0444686 0.0881534 
54.3 0.866992 0.0445579 0.0884502 
54.4 0.866605 0.0446472 0.0887475 
54.5 0.866218 0.0447364 0.0890455 
54.6 0.86583 0.0448257 0.089344 
54.7 0.865442 0.044915 0.0896432 
54.8 0.865053 0.0450043 0.0899429 
54.9 0.864663 0.0450935 0.0902432 
55 0.864273 0.0451828 0.0905441 
55.1 0.863882 0.0452721 0.0908457 
55.2 0.863491 0.0453614 0.0911478 
55.3 0.863099 0.0454507 0.0914505 
55.4 0.862706 0.04554 0.0917538 
55.5 0.862313 0.0456292 0.0920577 
55.6 0.861919 0.0457185 0.0923622 
55.7 0.861525 0.0458078 0.0926673 
55.8 0.86113 0.045897 0.0929729 
55.9 0.860735 0.0459863 0.0932792 
56 0.860338 0.0460755 0.0935861 
56.1 0.859942 0.0461647 0.0938936 
56.2 0.859544 0.046254 0.0942016 
56.3 0.859147 0.0463432 0.0945103 
56.4 0.858748 0.0464324 0.0948195 
56.5 0.858349 0.0465215 0.0951294 
56.6 0.857949 0.0466107 0.0954398 
56.7 0.857549 0.0466999 0.0957508 
56.8 0.857149 0.046789 0.0960625 
56.9 0.856747 0.0468781 0.0963747 
57 0.856345 0.0469672 0.0966875 
57.1 0.855943 0.0470563 0.0970009 
57.2 0.85554 0.0471453 0.0973149 
57.3 0.855136 0.0472344 0.0976295 
57.4 0.854732 0.0473234 0.0979447 
57.5 0.854327 0.0474124 0.0982605 
57.6 0.853922 0.0475013 0.0985769 
57.7 0.853516 0.0475903 0.0988939 
57.8 0.853109 0.0476792 0.0992114 
57.9 0.852702 0.047768 0.0995296 
58 0.852295 0.0478569 0.0998483 
58.1 0.851887 0.0479457 0.100168 
58.2 0.851478 0.0480345 0.100488 
58.3 0.851069 0.0481233 0.100808 
58.4 0.850659 0.048212 0.101129 
58.5 0.850248 0.0483007 0.101451 
58.6 0.849837 0.0483893 0.101773 
58.7 0.849426 0.0484779 0.102096 
58.8 0.849014 0.0485665 0.10242 
58.9 0.848601 0.0486551 0.102744 
59 0.848188 0.0487436 0.103068 
59.1 0.847774 0.048832 0.103394 
59.2 0.84736 0.0489204 0.103719 
59.3 0.846945 0.0490088 0.104046 
59.4 0.84653 0.0490971 0.104373 
59.5 0.846114 0.0491854 0.104701 
59.6 0.845698 0.0492737 0.105029 
59.7 0.845281 0.0493619 0.105358 
59.8 0.844863 0.04945 0.105687 
59.9 0.844445 0.0495381 0.106017 
60 0.844026 0.0496261 0.106347 
60.1 0.843607 0.0497141 0.106679 
60.2 0.843188 0.0498021 0.10701 
60.3 0.842767 0.04989 0.107343 
60.4 0.842347 0.0499778 0.107675 
60.5 0.841926 0.0500656 0.108009 
60.6 0.841504 0.0501533 0.108343 
60.7 0.841081 0.0502409 0.108678 
60.8 0.840659 0.0503285 0.109013 
60.9 0.840235 0.0504161 0.109349 
61 0.839811 0.0505035 0.109685 
61.1 0.839387 0.0505909 0.110022 
61.2 0.838962 0.0506783 0.11036 
61.3 0.838537 0.0507656 0.110698 
61.4 0.838111 0.0508528 0.111036 
61.5 0.837684 0.0509399 0.111376 
61.6 0.837257 0.051027 0.111716 
61.7 0.83683 0.051114 0.112056 
61.8 0.836402 0.051201 0.112397 
61.9 0.835973 0.0512879 0.112739 
62 0.835544 0.0513747 0.113081 
62.1 0.835115 0.0514614 0.113424 
62.2 0.834685 0.051548 0.113767 
62.3 0.834254 0.0516346 0.114111 
62.4 0.833823 0.0517211 0.114456 
62.5 0.833392 0.0518075 0.114801 
62.6 0.83296 0.0518938 0.115146 
62.7 0.832527 0.0519801 0.115493 
62.8 0.832094 0.0520663 0.115839 
62.9 0.831661 0.0521524 0.116187 
63 0.831227 0.0522384 0.116535 
63.1 0.830792 0.0523243 0.116883 
63.2 0.830357 0.0524101 0.117233 
63.3 0.829922 0.0524959 0.117582 
63.4 0.829486 0.0525815 0.117932 
63.5 0.82905 0.0526671 0.118283 
63.6 0.828613 0.0527526 0.118635 
63.7 0.828175 0.052838 0.118987 
63.8 0.827738 0.0529232 0.119339 
63.9 0.827299 0.0530084 0.119692 
64 0.82686 0.0530935 0.120046 
64.1 0.826421 0.0531785 0.1204 
64.2 0.825982 0.0532635 0.120755 
64.3 0.825541 0.0533483 0.12111 
64.4 0.825101 0.053433 0.121466 
64.5 0.82466 0.0535176 0.121823 
64.6 0.824218 0.0536021 0.12218 
64.7 0.823776 0.0536865 0.122538 
64.8 0.823334 0.0537708 0.122896 
64.9 0.822891 0.053855 0.123254 
65 0.822447 0.053939 0.123614 
65.1 0.822003 0.054023 0.123974 
65.2 0.821559 0.0541069 0.124334 
65.3 0.821114 0.0541906 0.124695 
65.4 0.820669 0.0542743 0.125057 
65.5 0.820223 0.0543578 0.125419 
65.6 0.819777 0.0544412 0.125781 
65.7 0.819331 0.0545245 0.126145 
65.8 0.818884 0.0546077 0.126508 
65.9 0.818437 0.0546907 0.126873 
66 0.817989 0.0547737 0.127238 
66.1 0.81754 0.0548565 0.127603 
66.2 0.817092 0.0549392 0.127969 
66.3 0.816643 0.0550218 0.128336 
66.4 0.816193 0.0551043 0.128703 
66.5 0.815743 0.0551866 0.12907 
66.6 0.815293 0.0552688 0.129438 
66.7 0.814842 0.0553509 0.129807 
66.8 0.814391 0.0554328 0.130176 
66.9 0.813939 0.0555146 0.130546 
67 0.813487 0.0555963 0.130917 
67.1 0.813035 0.0556779 0.131288 
67.2 0.812582 0.0557593 0.131659 
67.3 0.812128 0.0558406 0.132031 
67.4 0.811675 0.0559218 0.132404 
67.5 0.811221 0.0560028 0.132777 
67.6 0.810766 0.0560837 0.13315 
67.7 0.810311 0.0561644 0.133524 
67.8 0.809856 0.056245 0.133899 
67.9 0.8094 0.0563255 0.134274 
68 0.808944 0.0564058 0.13465 
68.1 0.808488 0.056486 0.135026 
68.2 0.808031 0.056566 0.135403 
68.3 0.807573 0.0566459 0.135781 
68.4 0.807116 0.0567257 0.136159 
68.5 0.806658 0.0568053 0.136537 
68.6 0.806199 0.0568847 0.136916 
68.7 0.80574 0.056964 0.137295 
68.8 0.805281 0.0570432 0.137676 
68.9 0.804822 0.0571222 0.138056 
69 0.804362 0.057201 0.138437 
69.1 0.803902 0.0572797 0.138819 
69.2 0.803441 0.0573582 0.139201 
69.3 0.80298 0.0574366 0.139584 
69.4 0.802519 0.0575148 0.139967 
69.5 0.802057 0.0575929 0.14035 
69.6 0.801595 0.0576708 0.140735 
69.7 0.801132 0.0577485 0.141119 
69.8 0.800669 0.0578261 0.141505 
69.9 0.800206 0.0579035 0.14189 
70 0.799743 0.0579807 0.142277 
70.1 0.799279 0.0580578 0.142663 
70.2 0.798815 0.0581347 0.143051 
70.3 0.79835 0.0582114 0.143439 
70.4 0.797885 0.058288 0.143827 
70.5 0.79742 0.0583644 0.144216 
70.6 0.796954 0.0584406 0.144605 
70.7 0.796488 0.0585167 0.144995 
70.8 0.796022 0.0585926 0.145385 
70.9 0.795556 0.0586683 0.145776 
71 0.795089 0.0587438 0.146168 
71.1 0.794621 0.0588191 0.146559 
71.2 0.794154 0.0588943 0.146952 
71.3 0.793686 0.0589693 0.147345 
71.4 0.793218 0.0590441 0.147738 
71.5 0.792749 0.0591188 0.148132 
71.6 0.792281 0.0591932 0.148526 
71.7 0.791811 0.0592675 0.148921 
71.8 0.791342 0.0593415 0.149317 
71.9 0.790872 0.0594154 0.149712 
72 0.790402 0.0594891 0.150109 
72.1 0.789932 0.0595626 0.150506 
72.2 0.789461 0.059636 0.150903 
72.3 0.78899 0.0597091 0.151301 
72.4 0.788519 0.0597821 0.151699 
72.5 0.788047 0.0598548 0.152098 
72.6 0.787576 0.0599274 0.152497 
72.7 0.787103 0.0599997 0.152897 
72.8 0.786631 0.0600719 0.153297 
72.9 0.786158 0.0601438 0.153698 
73 0.785685 0.0602156 0.154099 
73.1 0.785212 0.0602872 0.154501 
73.2 0.784739 0.0603585 0.154903 
73.3 0.784265 0.0604297 0.155305 
73.4 0.783791 0.0605007 0.155709 
73.5 0.783316 0.0605714 0.156112 
73.6 0.782842 0.060642 0.156516 
73.7 0.782367 0.0607123 0.156921 
73.8 0.781892 0.0607825 0.157326 
73.9 0.781416 0.0608524 0.157731 
74 0.780941 0.0609221 0.158137 
74.1 0.780465 0.0609916 0.158543 
74.2 0.779989 0.0610609 0.15895 
74.3 0.779512 0.06113 0.159358 
74.4 0.779036 0.0611989 0.159765 
74.5 0.778559 0.0612676 0.160174 
74.6 0.778082 0.061336 0.160582 
74.7 0.777604 0.0614042 0.160991 
74.8 0.777127 0.0614723 0.161401 
74.9 0.776649 0.0615401 0.161811 
75 0.776171 0.0616076 0.162221 
75.1 0.775693 0.061675 0.162632 
75.2 0.775214 0.0617421 0.163044 
75.3 0.774735 0.061809 0.163456 
75.4 0.774256 0.0618757 0.163868 
75.5 0.773777 0.0619422 0.164281 
75.6 0.773298 0.0620084 0.164694 
75.7 0.772818 0.0620744 0.165107 
75.8 0.772338 0.0621402 0.165521 
75.9 0.771858 0.0622057 0.165936 
76 0.771378 0.062271 0.166351 
76.1 0.770898 0.0623361 0.166766 
76.2 0.770417 0.062401 0.167182 
76.3 0.769936 0.0624656 0.167598 
76.4 0.769455 0.06253 0.168015 
76.5 0.768974 0.0625942 0.168432 
76.6 0.768492 0.0626581 0.16885 
76.7 0.768011 0.0627218 0.169267 
76.8 0.767529 0.0627852 0.169686 
76.9 0.767047 0.0628484 0.170105 
77 0.766565 0.0629114 0.170524 
77.1 0.766082 0.0629741 0.170943 
77.2 0.7656 0.0630366 0.171363 
77.3 0.765117 0.0630988 0.171784 
77.4 0.764634 0.0631608 0.172205 
77.5 0.764151 0.0632226 0.172626 
77.6 0.763668 0.0632841 0.173048 
77.7 0.763185 0.0633454 0.17347 
77.8 0.762701 0.0634064 0.173892 
77.9 0.762218 0.0634672 0.174315 
78 0.761734 0.0635277 0.174739 
78.1 0.76125 0.0635879 0.175162 
78.2 0.760766 0.063648 0.175586 
78.3 0.760281 0.0637077 0.176011 
78.4 0.759797 0.0637672 0.176436 
78.5 0.759312 0.0638265 0.176861 
78.6 0.758828 0.0638855 0.177287 
78.7 0.758343 0.0639443 0.177713 
78.8 0.757858 0.0640027 0.178139 
78.9 0.757373 0.064061 0.178566 
79 0.756887 0.064119 0.178994 
79.1 0.756402 0.0641767 0.179421 
79.2 0.755917 0.0642341 0.179849 
79.3 0.755431 0.0642913 0.180278 
79.4 0.754945 0.0643483 0.180706 
79.5 0.754459 0.0644049 0.181136 
79.6 0.753973 0.0644614 0.181565 
79.7 0.753487 0.0645175 0.181995 
79.8 0.753001 0.0645734 0.182425 
79.9 0.752515 0.064629 0.182856 
80 0.752028 0.0646844 0.183287 
80.1 0.751542 0.0647394 0.183719 
80.2 0.751055 0.0647943 0.18415 
80.3 0.750569 0.0648488 0.184582 
80.4 0.750082 0.0649031 0.185015 
80.5 0.749595 0.0649571 0.185448 
80.6 0.749108 0.0650108 0.185881 
80.7 0.748621 0.0650643 0.186315 
80.8 0.748134 0.0651175 0.186749 
80.9 0.747647 0.0651704 0.187183 
81 0.747159 0.065223 0.187618 
81.1 0.746672 0.0652754 0.188053 
81.2 0.746185 0.0653274 0.188488 
81.3 0.745697 0.0653793 0.188924 
81.4 0.74521 0.0654308 0.18936 
81.5 0.744722 0.065482 0.189796 
81.6 0.744234 0.065533 0.190233 
81.7 0.743747 0.0655837 0.19067 
81.8 0.743259 0.0656341 0.191107 
81.9 0.742771 0.0656842 0.191545 
82 0.742283 0.0657341 0.191983 
82.1 0.741795 0.0657837 0.192421 
82.2 0.741307 0.0658329 0.19286 
82.3 0.740819 0.0658819 0.193299 
82.4 0.740331 0.0659306 0.193738 
82.5 0.739843 0.0659791 0.194178 
82.6 0.739355 0.0660272 0.194618 
82.7 0.738866 0.0660751 0.195059 
82.8 0.738378 0.0661226 0.195499 
82.9 0.73789 0.0661699 0.19594 
83 0.737402 0.0662169 0.196381 
83.1 0.736913 0.0662636 0.196823 
83.2 0.736425 0.06631 0.197265 
83.3 0.735937 0.0663561 0.197707 
83.4 0.735448 0.0664019 0.19815 
83.5 0.73496 0.0664474 0.198593 
83.6 0.734472 0.0664927 0.199036 
83.7 0.733983 0.0665376 0.199479 
83.8 0.733495 0.0665822 0.199923 
83.9 0.733007 0.0666266 0.200367 
84 0.732518 0.0666706 0.200811 
84.1 0.73203 0.0667144 0.201256 
84.2 0.731541 0.0667578 0.201701 
84.3 0.731053 0.066801 0.202146 
84.4 0.730565 0.0668439 0.202591 
84.5 0.730076 0.0668864 0.203037 
84.6 0.729588 0.0669287 0.203483 
84.7 0.7291 0.0669707 0.20393 
84.8 0.728611 0.0670123 0.204376 
84.9 0.728123 0.0670537 0.204823 
85 0.727635 0.0670947 0.20527 
85.1 0.727147 0.0671355 0.205718 
85.2 0.726659 0.0671759 0.206165 
85.3 0.726171 0.0672161 0.206613 
85.4 0.725682 0.0672559 0.207062 
85.5 0.725194 0.0672955 0.20751 
85.6 0.724706 0.0673347 0.207959 
85.7 0.724218 0.0673736 0.208408 
85.8 0.723731 0.0674123 0.208857 
85.9 0.723243 0.0674506 0.209307 
86 0.722755 0.0674886 0.209757 
86.1 0.722267 0.0675263 0.210207 
86.2 0.721779 0.0675637 0.210657 
86.3 0.721292 0.0676007 0.211107 
86.4 0.720804 0.0676375 0.211558 
86.5 0.720317 0.067674 0.212009 
86.6 0.719829 0.0677101 0.212461 
86.7 0.719342 0.067746 0.212912 
86.8 0.718855 0.0677815 0.213364 
86.9 0.718367 0.0678167 0.213816 
87 0.71788 0.0678516 0.214268 
87.1 0.717393 0.0678862 0.21472 
87.2 0.716906 0.0679205 0.215173 
87.3 0.716419 0.0679545 0.215626 
87.4 0.715933 0.0679881 0.216079 
87.5 0.715446 0.0680215 0.216533 
87.6 0.714959 0.0680545 0.216986 
87.7 0.714473 0.0680872 0.21744 
87.8 0.713986 0.0681196 0.217894 
87.9 0.7135 0.0681517 0.218348 
88 0.713014 0.0681834 0.218803 
88.1 0.712528 0.0682149 0.219257 
88.2 0.712042 0.068246 0.219712 
88.3 0.711556 0.0682768 0.220167 
88.4 0.71107 0.0683073 0.220623 
88.5 0.710584 0.0683375 0.221078 
88.6 0.710099 0.0683673 0.221534 
88.7 0.709614 0.0683968 0.22199 
88.8 0.709128 0.0684261 0.222446 
88.9 0.708643 0.0684549 0.222902 
89 0.708158 0.0684835 0.223358 
89.1 0.707673 0.0685118 0.223815 
89.2 0.707188 0.0685397 0.224272 
89.3 0.706704 0.0685673 0.224729 
89.4 0.706219 0.0685946 0.225186 
89.5 0.705735 0.0686216 0.225644 
89.6 0.705251 0.0686482 0.226101 
89.7 0.704767 0.0686746 0.226559 
89.8 0.704283 0.0687006 0.227017 
89.9 0.703799 0.0687262 0.227475 
90 0.703315 0.0687516 0.227933 
90.1 0.702832 0.0687766 0.228392 
90.2 0.702348 0.0688014 0.22885 
90.3 0.701865 0.0688257 0.229309 
90.4 0.701382 0.0688498 0.229768 
90.5 0.7009 0.0688735 0.230227 
90.6 0.700417 0.068897 0.230686 
90.7 0.699934 0.06892 0.231146 
90.8 0.699452 0.0689428 0.231605 
90.9 0.69897 0.0689653 0.232065 
91 0.698488 0.0689874 0.232525 
91.1 0.698006 0.0690092 0.232985 
91.2 0.697525 0.0690306 0.233445 
91.3 0.697043 0.0690518 0.233905 
91.4 0.696562 0.0690726 0.234365 
91.5 0.696081 0.0690931 0.234826 
91.6 0.6956 0.0691132 0.235287 
91.7 0.695119 0.0691331 0.235747 
91.8 0.694639 0.0691526 0.236208 
91.9 0.694159 0.0691717 0.23667 
92 0.693679 0.0691906 0.237131 
92.1 0.693199 0.0692091 0.237592 
92.2 0.692719 0.0692273 0.238054 
92.3 0.69224 0.0692452 0.238515 
92.4 0.69176 0.0692627 0.238977 
92.5 0.691281 0.06928 0.239439 
92.6 0.690803 0.0692968 0.239901 
92.7 0.690324 0.0693134 0.240363 
92.8 0.689846 0.0693296 0.240825 
92.9 0.689368 0.0693455 0.241287 
93 0.68889 0.0693611 0.241749 
93.1 0.688412 0.0693764 0.242212 
93.2 0.687934 0.0693913 0.242674 
93.3 0.687457 0.0694059 0.243137 
93.4 0.68698 0.0694202 0.2436 
93.5 0.686503 0.0694341 0.244063 
93.6 0.686027 0.0694477 0.244526 
93.7 0.68555 0.069461 0.244989 
93.8 0.685074 0.0694739 0.245452 
93.9 0.684599 0.0694866 0.245915 
94 0.684123 0.0694989 0.246378 
94.1 0.683648 0.0695108 0.246842 
94.2 0.683173 0.0695225 0.247305 
94.3 0.682698 0.0695338 0.247768 
94.4 0.682223 0.0695448 0.248232 
94.5 0.681749 0.0695554 0.248696 
94.6 0.681275 0.0695657 0.249159 
94.7 0.680801 0.0695757 0.249623 
94.8 0.680327 0.0695854 0.250087 
94.9 0.679854 0.0695947 0.250551 
95 0.679381 0.0696038 0.251015 
95.1 0.678908 0.0696124 0.251479 
95.2 0.678436 0.0696208 0.251943 
95.3 0.677964 0.0696288 0.252407 
95.4 0.677492 0.0696365 0.252872 
95.5 0.67702 0.0696439 0.253336 
95.6 0.676549 0.069651 0.2538 
95.7 0.676078 0.0696577 0.254265 
95.8 0.675607 0.0696641 0.254729 
95.9 0.675136 0.0696701 0.255193 
96 0.674666 0.0696759 0.255658 
96.1 0.674196 0.0696813 0.256122 
96.2 0.673727 0.0696864 0.256587 
96.3 0.673257 0.0696911 0.257052 
96.4 0.672788 0.0696956 0.257516 
96.5 0.672319 0.0696997 0.257981 
96.6 0.671851 0.0697034 0.258446 
96.7 0.671383 0.0697069 0.25891 
96.8 0.670915 0.06971 0.259375 
96.9 0.670447 0.0697128 0.25984 
97 0.66998 0.0697153 0.260304 
97.1 0.669513 0.0697174 0.260769 
97.2 0.669047 0.0697192 0.261234 
97.3 0.66858 0.0697207 0.261699 
97.4 0.668114 0.0697219 0.262164 
97.5 0.667649 0.0697228 0.262628 
97.6 0.667183 0.0697233 0.263093 
97.7 0.666718 0.0697235 0.263558 
97.8 0.666254 0.0697234 0.264023 
97.9 0.665789 0.0697229 0.264488 
98 0.665325 0.0697221 0.264953 
98.1 0.664862 0.069721 0.265417 
98.2 0.664398 0.0697196 0.265882 
98.3 0.663935 0.0697179 0.266347 
98.4 0.663472 0.0697158 0.266812 
98.5 0.66301 0.0697134 0.267277 
98.6 0.662548 0.0697107 0.267741 
98.7 0.662086 0.0697077 0.268206 
98.8 0.661625 0.0697043 0.268671 
98.9 0.661164 0.0697006 0.269135 
99 0.660703 0.0696967 0.2696 
99.1 0.660243 0.0696923 0.270065 
99.2 0.659783 0.0696877 0.270529 
99.3 0.659323 0.0696827 0.270994 
99.4 0.658864 0.0696775 0.271458 
99.5 0.658405 0.0696719 0.271923 
99.6 0.657947 0.069666 0.272387 
99.7 0.657489 0.0696597 0.272852 
99.8 0.657031 0.0696532 0.273316 
99.9 0.656573 0.0696463 0.27378 
100 0.656116 0.0696391 0.274245 
100.1 0.655659 0.0696316 0.274709 
100.2 0.655203 0.0696238 0.275173 
100.3 0.654747 0.0696156 0.275637 
100.4 0.654291 0.0696072 0.276101 
100.5 0.653836 0.0695984 0.276565 
100.6 0.653381 0.0695893 0.277029 
100.7 0.652927 0.0695799 0.277493 
100.8 0.652473 0.0695702 0.277957 
100.9 0.652019 0.0695602 0.278421 
101 0.651566 0.0695498 0.278885 
101.1 0.651113 0.0695392 0.279348 
101.2 0.65066 0.0695282 0.279812 
101.3 0.650208 0.0695169 0.280275 
101.4 0.649756 0.0695053 0.280739 
101.5 0.649305 0.0694934 0.281202 
101.6 0.648854 0.0694812 0.281665 
101.7 0.648403 0.0694686 0.282128 
101.8 0.647953 0.0694558 0.282591 
101.9 0.647503 0.0694427 0.283054 
102 0.647053 0.0694292 0.283517 
102.1 0.646604 0.0694154 0.28398 
102.2 0.646156 0.0694013 0.284443 
102.3 0.645708 0.0693869 0.284906 
102.4 0.64526 0.0693723 0.285368 
102.5 0.644812 0.0693572 0.28583 
102.6 0.644365 0.0693419 0.286293 
102.7 0.643919 0.0693263 0.286755 
102.8 0.643472 0.0693104 0.287217 
102.9 0.643027 0.0692942 0.287679 
103 0.642581 0.0692776 0.288141 
103.1 0.642136 0.0692608 0.288603 
103.2 0.641692 0.0692437 0.289065 
103.3 0.641248 0.0692262 0.289526 
103.4 0.640804 0.0692085 0.289988 
103.5 0.640361 0.0691904 0.290449 
103.6 0.639918 0.0691721 0.29091 
103.7 0.639475 0.0691534 0.291371 
103.8 0.639033 0.0691345 0.291832 
103.9 0.638592 0.0691152 0.292293 
104 0.638151 0.0690956 0.292754 
104.1 0.63771 0.0690758 0.293214 
104.2 0.63727 0.0690556 0.293675 
104.3 0.63683 0.0690352 0.294135 
104.4 0.63639 0.0690144 0.294595 
104.5 0.635951 0.0689934 0.295055 
104.6 0.635513 0.0689721 0.295515 
104.7 0.635075 0.0689504 0.295975 
104.8 0.634637 0.0689285 0.296434 
104.9 0.6342 0.0689063 0.296894 
105 0.633763 0.0688838 0.297353 
105.1 0.633327 0.0688609 0.297812 
105.2 0.632891 0.0688378 0.298271 
105.3 0.632455 0.0688144 0.29873 
105.4 0.63202 0.0687908 0.299189 
105.5 0.631586 0.0687668 0.299647 
105.6 0.631152 0.0687425 0.300106 
105.7 0.630718 0.0687179 0.300564 
105.8 0.630285 0.0686931 0.301022 
105.9 0.629852 0.068668 0.30148 
106 0.62942 0.0686425 0.301938 
106.1 0.628988 0.0686168 0.302395 
106.2 0.628557 0.0685908 0.302852 
106.3 0.628126 0.0685645 0.30331 
106.4 0.627695 0.068538 0.303767 
106.5 0.627265 0.0685111 0.304223 
106.6 0.626836 0.068484 0.30468 
106.7 0.626407 0.0684566 0.305137 
106.8 0.625978 0.0684289 0.305593 
106.9 0.62555 0.0684009 0.306049 
107 0.625123 0.0683726 0.306505 
107.1 0.624695 0.0683441 0.306961 
107.2 0.624269 0.0683153 0.307416 
107.3 0.623842 0.0682862 0.307871 
107.4 0.623417 0.0682568 0.308327 
107.5 0.622991 0.0682271 0.308782 
107.6 0.622567 0.0681972 0.309236 
107.7 0.622142 0.068167 0.309691 
107.8 0.621718 0.0681365 0.310145 
107.9 0.621295 0.0681057 0.310599 
108 0.620872 0.0680747 0.311053 
108.1 0.62045 0.0680434 0.311507 
108.2 0.620028 0.0680118 0.311961 
108.3 0.619606 0.0679799 0.312414 
108.4 0.619185 0.0679478 0.312867 
108.5 0.618765 0.0679154 0.31332 
108.6 0.618345 0.0678827 0.313772 
108.7 0.617925 0.0678498 0.314225 
108.8 0.617506 0.0678166 0.314677 
108.9 0.617088 0.0677831 0.315129 
109 0.61667 0.0677494 0.315581 
109.1 0.616252 0.0677154 0.316032 
109.2 0.615835 0.0676811 0.316484 
109.3 0.615419 0.0676466 0.316935 
109.4 0.615003 0.0676118 0.317386 
109.5 0.614587 0.0675767 0.317836 
109.6 0.614172 0.0675414 0.318287 
109.7 0.613757 0.0675058 0.318737 
109.8 0.613343 0.0674699 0.319187 
109.9 0.61293 0.0674338 0.319636 
110 0.612517 0.0673975 0.320086 
110.1 0.612104 0.0673608 0.320535 
110.2 0.611692 0.067324 0.320984 
110.3 0.61128 0.0672868 0.321433 
110.4 0.610869 0.0672494 0.321881 
110.5 0.610459 0.0672118 0.322329 
110.6 0.610049 0.0671739 0.322777 
110.7 0.609639 0.0671357 0.323225 
110.8 0.60923 0.0670973 0.323673 
110.9 0.608822 0.0670586 0.32412 
111 0.608414 0.0670197 0.324567 
111.1 0.608006 0.0669806 0.325013 
111.2 0.607599 0.0669411 0.32546 
111.3 0.607193 0.0669015 0.325906 
111.4 0.606787 0.0668616 0.326352 
111.5 0.606381 0.0668214 0.326797 
111.6 0.605976 0.066781 0.327243 
111.7 0.605572 0.0667403 0.327688 
111.8 0.605168 0.0666994 0.328133 
111.9 0.604765 0.0666583 0.328577 
112 0.604362 0.0666169 0.329021 
112.1 0.603959 0.0665753 0.329465 
112.2 0.603558 0.0665334 0.329909 
112.3 0.603156 0.0664913 0.330352 
112.4 0.602755 0.066449 0.330796 
112.5 0.602355 0.0664064 0.331238 
112.6 0.601955 0.0663636 0.331681 
112.7 0.601556 0.0663205 0.332123 
112.8 0.601158 0.0662772 0.332565 
112.9 0.600759 0.0662337 0.333007 
113 0.600362 0.0661899 0.333448 
113.1 0.599965 0.0661459 0.333889 
113.2 0.599568 0.0661016 0.33433 
113.3 0.599172 0.0660572 0.334771 
113.4 0.598776 0.0660125 0.335211 
113.5 0.598381 0.0659675 0.335651 
113.6 0.597987 0.0659224 0.336091 
113.7 0.597593 0.065877 0.33653 
113.8 0.5972 0.0658314 0.336969 
113.9 0.596807 0.0657855 0.337408 
114 0.596414 0.0657395 0.337846 
114.1 0.596023 0.0656932 0.338284 
114.2 0.595631 0.0656466 0.338722 
114.3 0.595241 0.0655999 0.33916 
114.4 0.59485 0.0655529 0.339597 
114.5 0.594461 0.0655057 0.340034 
114.6 0.594072 0.0654583 0.34047 
114.7 0.593683 0.0654107 0.340906 
114.8 0.593295 0.0653629 0.341342 
114.9 0.592907 0.0653148 0.341778 
115 0.59252 0.0652665 0.342213 
115.1 0.592134 0.065218 0.342648 
115.2 0.591748 0.0651693 0.343083 
115.3 0.591363 0.0651204 0.343517 
115.4 0.590978 0.0650712 0.343951 
115.5 0.590594 0.0650219 0.344385 
115.6 0.59021 0.0649723 0.344818 
115.7 0.589827 0.0649225 0.345251 
115.8 0.589444 0.0648725 0.345684 
115.9 0.589062 0.0648223 0.346116 
116 0.58868 0.0647719 0.346548 
116.1 0.588299 0.0647213 0.346979 
116.2 0.587919 0.0646705 0.347411 
116.3 0.587539 0.0646194 0.347842 
116.4 0.587159 0.0645682 0.348272 
116.5 0.586781 0.0645168 0.348703 
116.6 0.586402 0.0644651 0.349133 
116.7 0.586025 0.0644133 0.349562 
116.8 0.585647 0.0643612 0.349991 
116.9 0.585271 0.064309 0.35042 
117 0.584895 0.0642565 0.350849 
117.1 0.584519 0.0642039 0.351277 
117.2 0.584144 0.0641511 0.351705 
117.3 0.58377 0.064098 0.352132 
117.4 0.583396 0.0640448 0.35256 
117.5 0.583022 0.0639914 0.352986 
117.6 0.582649 0.0639377 0.353413 
117.7 0.582277 0.0638839 0.353839 
117.8 0.581905 0.0638299 0.354265 
117.9 0.581534 0.0637757 0.35469 
118 0.581164 0.0637213 0.355115 
118.1 0.580794 0.0636667 0.35554 
118.2 0.580424 0.063612 0.355964 
118.3 0.580055 0.063557 0.356388 
118.4 0.579687 0.0635019 0.356811 
118.5 0.579319 0.0634466 0.357234 
118.6 0.578952 0.063391 0.357657 
118.7 0.578585 0.0633354 0.35808 
118.8 0.578219 0.0632795 0.358502 
118.9 0.577853 0.0632234 0.358923 
119 0.577488 0.0631672 0.359345 
119.1 0.577124 0.0631108 0.359766 
119.2 0.57676 0.0630541 0.360186 
119.3 0.576396 0.0629974 0.360606 
119.4 0.576033 0.0629404 0.361026 
119.5 0.575671 0.0628833 0.361446 
119.6 0.575309 0.062826 0.361865 
119.7 0.574948 0.0627685 0.362283 
119.8 0.574588 0.0627108 0.362701 
119.9 0.574228 0.062653 0.363119 
120 0.573868 0.062595 0.363537 
120.1 0.573509 0.0625368 0.363954 
120.2 0.573151 0.0624785 0.364371 
120.3 0.572793 0.06242 0.364787 
120.4 0.572436 0.0623613 0.365203 
120.5 0.572079 0.0623024 0.365618 
120.6 0.571723 0.0622434 0.366034 
120.7 0.571367 0.0621843 0.366448 
120.8 0.571012 0.0621249 0.366863 
120.9 0.570658 0.0620654 0.367277 
121 0.570304 0.0620057 0.36769 
121.1 0.569951 0.0619459 0.368103 
121.2 0.569598 0.0618859 0.368516 
121.3 0.569246 0.0618258 0.368929 
121.4 0.568894 0.0617655 0.369341 
121.5 0.568543 0.061705 0.369752 
121.6 0.568192 0.0616444 0.370163 
121.7 0.567842 0.0615836 0.370574 
121.8 0.567493 0.0615226 0.370984 
121.9 0.567144 0.0614615 0.371394 
122 0.566796 0.0614003 0.371804 
122.1 0.566448 0.0613389 0.372213 
122.2 0.566101 0.0612774 0.372622 
122.3 0.565754 0.0612157 0.37303 
122.4 0.565408 0.0611538 0.373438 
122.5 0.565063 0.0610918 0.373845 
122.6 0.564718 0.0610297 0.374253 
122.7 0.564373 0.0609674 0.374659 
122.8 0.56403 0.0609049 0.375065 
122.9 0.563686 0.0608424 0.375471 
123 0.563344 0.0607796 0.375877 
123.1 0.563002 0.0607168 0.376282 
123.2 0.56266 0.0606537 0.376686 
123.3 0.562319 0.0605906 0.37709 
123.4 0.561979 0.0605273 0.377494 
123.5 0.561639 0.0604639 0.377897 
123.6 0.561299 0.0604003 0.3783 
123.7 0.560961 0.0603366 0.378703 
123.8 0.560623 0.0602727 0.379105 
123.9 0.560285 0.0602087 0.379506 
124 0.559948 0.0601446 0.379908 
124.1 0.559611 0.0600804 0.380308 
124.2 0.559275 0.060016 0.380709 
124.3 0.55894 0.0599515 0.381109 
124.4 0.558605 0.0598868 0.381508 
124.5 0.558271 0.059822 0.381907 
124.6 0.557937 0.0597571 0.382306 
124.7 0.557604 0.0596921 0.382704 
124.8 0.557272 0.0596269 0.383101 
124.9 0.55694 0.0595616 0.383499 
125 0.556608 0.0594962 0.383896 
125.1 0.556277 0.0594307 0.384292 
125.2 0.555947 0.059365 0.384688 
125.3 0.555617 0.0592992 0.385084 
125.4 0.555288 0.0592333 0.385479 
125.5 0.554959 0.0591673 0.385873 
125.6 0.554631 0.0591011 0.386268 
125.7 0.554304 0.0590348 0.386661 
125.8 0.553977 0.0589684 0.387055 
125.9 0.55365 0.0589019 0.387448 
126 0.553325 0.0588353 0.38784 
126.1 0.552999 0.0587686 0.388232 
126.2 0.552675 0.0587017 0.388624 
126.3 0.55235 0.0586347 0.389015 
126.4 0.552027 0.0585677 0.389405 
126.5 0.551704 0.0585005 0.389796 
126.6 0.551381 0.0584331 0.390185 
126.7 0.551059 0.0583657 0.390575 
126.8 0.550738 0.0582982 0.390964 
126.9 0.550417 0.0582306 0.391352 
127 0.550097 0.0581628 0.39174 
127.1 0.549777 0.058095 0.392128 
127.2 0.549458 0.058027 0.392515 
127.3 0.54914 0.0579589 0.392901 
127.4 0.548822 0.0578908 0.393287 
127.5 0.548504 0.0578225 0.393673 
127.6 0.548187 0.0577541 0.394058 
127.7 0.547871 0.0576856 0.394443 
127.8 0.547555 0.0576171 0.394828 
127.9 0.54724 0.0575484 0.395211 
128 0.546926 0.0574796 0.395595 
128.1 0.546611 0.0574107 0.395978 
128.2 0.546298 0.0573418 0.39636 
128.3 0.545985 0.0572727 0.396742 
128.4 0.545672 0.0572035 0.397124 
128.5 0.545361 0.0571343 0.397505 
128.6 0.545049 0.0570649 0.397886 
128.7 0.544739 0.0569955 0.398266 
128.8 0.544428 0.0569259 0.398646 
128.9 0.544119 0.0568563 0.399025 
129 0.54381 0.0567866 0.399404 
129.1 0.543501 0.0567168 0.399782 
129.2 0.543193 0.0566469 0.40016 
129.3 0.542886 0.0565769 0.400537 
129.4 0.542579 0.0565068 0.400914 
129.5 0.542272 0.0564366 0.401291 
129.6 0.541967 0.0563664 0.401667 
129.7 0.541662 0.0562961 0.402042 
129.8 0.541357 0.0562256 0.402418 
129.9 0.541053 0.0561551 0.402792 
130 0.540749 0.0560846 0.403166 
130.1 0.540446 0.0560139 0.40354 
130.2 0.540144 0.0559432 0.403913 
130.3 0.539842 0.0558723 0.404286 
130.4 0.539541 0.0558014 0.404658 
130.5 0.53924 0.0557305 0.40503 
130.6 0.538939 0.0556594 0.405401 
130.7 0.53864 0.0555883 0.405772 
130.8 0.538341 0.0555171 0.406142 
130.9 0.538042 0.0554458 0.406512 
131 0.537744 0.0553744 0.406882 
131.1 0.537446 0.055303 0.407251 
131.2 0.53715 0.0552315 0.407619 
131.3 0.536853 0.0551599 0.407987 
131.4 0.536557 0.0550883 0.408354 
131.5 0.536262 0.0550166 0.408721 
131.6 0.535967 0.0549448 0.409088 
131.7 0.535673 0.054873 0.409454 
131.8 0.535379 0.0548011 0.40982 
131.9 0.535086 0.0547291 0.410185 
132 0.534794 0.054657 0.410549 
132.1 0.534502 0.0545849 0.410913 
132.2 0.53421 0.0545127 0.411277 
132.3 0.533919 0.0544405 0.41164 
132.4 0.533629 0.0543682 0.412003 
132.5 0.533339 0.0542959 0.412365 
132.6 0.53305 0.0542234 0.412727 
132.7 0.532761 0.0541509 0.413088 
132.8 0.532473 0.0540784 0.413449 
132.9 0.532185 0.0540058 0.413809 
133 0.531898 0.0539332 0.414169 
133.1 0.531611 0.0538604 0.414528 
133.2 0.531325 0.0537877 0.414887 
133.3 0.53104 0.0537148 0.415246 
133.4 0.530755 0.053642 0.415603 
133.5 0.53047 0.053569 0.415961 
133.6 0.530186 0.053496 0.416318 
133.7 0.529903 0.053423 0.416674 
133.8 0.52962 0.0533499 0.41703 
133.9 0.529338 0.0532768 0.417385 
134 0.529056 0.0532036 0.41774 
134.1 0.528775 0.0531304 0.418095 
134.2 0.528494 0.0530571 0.418449 
134.3 0.528214 0.0529837 0.418802 
134.4 0.527934 0.0529104 0.419155 
134.5 0.527655 0.0528369 0.419508 
134.6 0.527377 0.0527635 0.41986 
134.7 0.527099 0.0526899 0.420211 
134.8 0.526821 0.0526164 0.420562 
134.9 0.526545 0.0525428 0.420913 
135 0.526268 0.0524691 0.421263 
135.1 0.525992 0.0523954 0.421612 
135.2 0.525717 0.0523217 0.421961 
135.3 0.525442 0.0522479 0.42231 
135.4 0.525168 0.0521741 0.422658 
135.5 0.524894 0.0521003 0.423006 
135.6 0.524621 0.0520264 0.423353 
135.7 0.524348 0.0519525 0.423699 
135.8 0.524076 0.0518785 0.424045 
135.9 0.523804 0.0518045 0.424391 
136 0.523533 0.0517305 0.424736 
136.1 0.523263 0.0516565 0.425081 
136.2 0.522993 0.0515824 0.425425 
136.3 0.522723 0.0515082 0.425768 
136.4 0.522454 0.0514341 0.426112 
136.5 0.522186 0.0513599 0.426454 
136.6 0.521918 0.0512857 0.426796 
136.7 0.521651 0.0512114 0.427138 
136.8 0.521384 0.0511371 0.427479 
136.9 0.521117 0.0510628 0.42782 
137 0.520851 0.0509885 0.42816 
137.1 0.520586 0.0509141 0.4285 
137.2 0.520321 0.0508397 0.428839 
137.3 0.520057 0.0507653 0.429178 
137.4 0.519793 0.0506909 0.429516 
137.5 0.51953 0.0506164 0.429853 
137.6 0.519267 0.0505419 0.430191 
137.7 0.519005 0.0504674 0.430527 
137.8 0.518744 0.0503929 0.430864 
137.9 0.518482 0.0503183 0.431199 
138 0.518222 0.0502438 0.431534 
138.1 0.517962 0.0501692 0.431869 
138.2 0.517702 0.0500946 0.432203 
138.3 0.517443 0.0500199 0.432537 
138.4 0.517184 0.0499453 0.43287 
138.5 0.516926 0.0498706 0.433203 
138.6 0.516669 0.0497959 0.433535 
138.7 0.516412 0.0497212 0.433867 
138.8 0.516155 0.0496465 0.434198 
138.9 0.515899 0.0495718 0.434529 
139 0.515644 0.049497 0.434859 
139.1 0.515389 0.0494223 0.435189 
139.2 0.515134 0.0493475 0.435518 
139.3 0.51488 0.0492727 0.435847 
139.4 0.514627 0.0491979 0.436175 
139.5 0.514374 0.0491231 0.436503 
139.6 0.514122 0.0490483 0.43683 
139.7 0.51387 0.0489735 0.437157 
139.8 0.513618 0.0488986 0.437483 
139.9 0.513367 0.0488238 0.437809 
140 0.513117 0.048749 0.438134 
140.1 0.512867 0.0486741 0.438459 
140.2 0.512618 0.0485992 0.438783 
140.3 0.512369 0.0485244 0.439107 
140.4 0.51212 0.0484495 0.43943 
140.5 0.511873 0.0483746 0.439753 
140.6 0.511625 0.0482997 0.440075 
140.7 0.511378 0.0482248 0.440397 
140.8 0.511132 0.04815 0.440718 
140.9 0.510886 0.0480751 0.441039 
141 0.510641 0.0480002 0.441359 
141.1 0.510396 0.0479253 0.441679 
141.2 0.510152 0.0478504 0.441998 
141.3 0.509908 0.0477755 0.442317 
141.4 0.509664 0.0477006 0.442635 
141.5 0.509421 0.0476257 0.442953 
141.6 0.509179 0.0475508 0.44327 
141.7 0.508937 0.0474759 0.443587 
141.8 0.508696 0.0474011 0.443903 
141.9 0.508455 0.0473262 0.444219 
142 0.508215 0.0472513 0.444534 
142.1 0.507975 0.0471764 0.444849 
142.2 0.507735 0.0471016 0.445163 
142.3 0.507496 0.0470267 0.445477 
142.4 0.507258 0.0469519 0.44579 
142.5 0.50702 0.046877 0.446103 
142.6 0.506783 0.0468022 0.446415 
142.7 0.506546 0.0467274 0.446727 
142.8 0.506309 0.0466526 0.447038 
142.9 0.506073 0.0465777 0.447349 
143 0.505838 0.046503 0.447659 
143.1 0.505603 0.0464282 0.447969 
143.2 0.505368 0.0463534 0.448278 
143.3 0.505134 0.0462786 0.448587 
143.4 0.504901 0.0462039 0.448895 
143.5 0.504668 0.0461292 0.449203 
143.6 0.504435 0.0460544 0.44951 
143.7 0.504203 0.0459797 0.449817 
143.8 0.503972 0.045905 0.450123 
143.9 0.50374 0.0458304 0.450429 
144 0.50351 0.0457557 0.450735 
144.1 0.50328 0.045681 0.451039 
144.2 0.50305 0.0456064 0.451344 
144.3 0.502821 0.0455318 0.451647 
144.4 0.502592 0.0454572 0.451951 
144.5 0.502364 0.0453826 0.452253 
144.6 0.502136 0.0453081 0.452556 
144.7 0.501909 0.0452335 0.452858 
144.8 0.501682 0.045159 0.453159 
144.9 0.501456 0.0450845 0.45346 
145 0.50123 0.0450101 0.45376 
145.1 0.501005 0.0449356 0.45406 
145.2 0.50078 0.0448612 0.454359 
145.3 0.500555 0.0447868 0.454658 
145.4 0.500331 0.0447124 0.454956 
145.5 0.500108 0.044638 0.455254 
145.6 0.499885 0.0445637 0.455551 
145.7 0.499662 0.0444894 0.455848 
145.8 0.49944 0.0444151 0.456145 
145.9 0.499219 0.0443408 0.456441 
146 0.498998 0.0442666 0.456736 
146.1 0.498777 0.0441924 0.457031 
146.2 0.498557 0.0441182 0.457325 
146.3 0.498337 0.0440441 0.457619 
146.4 0.498118 0.0439699 0.457912 
146.5 0.497899 0.0438958 0.458205 
146.6 0.497681 0.0438218 0.458498 
146.7 0.497463 0.0437477 0.45879 
146.8 0.497245 0.0436737 0.459081 
146.9 0.497028 0.0435997 0.459372 
147 0.496812 0.0435258 0.459662 
147.1 0.496596 0.0434519 0.459952 
147.2 0.49638 0.043378 0.460242 
147.3 0.496165 0.0433041 0.460531 
147.4 0.495951 0.0432303 0.460819 
147.5 0.495736 0.0431565 0.461107 
147.6 0.495523 0.0430828 0.461394 
147.7 0.495309 0.0430091 0.461681 
147.8 0.495097 0.0429354 0.461968 
147.9 0.494884 0.0428618 0.462254 
148 0.494672 0.0427881 0.462539 
148.1 0.494461 0.0427146 0.462824 
148.2 0.49425 0.042641 0.463109 
148.3 0.49404 0.0425675 0.463393 
148.4 0.493829 0.0424941 0.463677 
148.5 0.49362 0.0424206 0.46396 
148.6 0.493411 0.0423472 0.464242 
148.7 0.493202 0.0422739 0.464524 
148.8 0.492994 0.0422006 0.464806 
148.9 0.492786 0.0421273 0.465087 
149 0.492578 0.0420541 0.465367 
149.1 0.492372 0.0419809 0.465648 
149.2 0.492165 0.0419077 0.465927 
149.3 0.491959 0.0418346 0.466206 
149.4 0.491753 0.0417616 0.466485 
149.5 0.491548 0.0416885 0.466763 
149.6 0.491344 0.0416156 0.467041 
149.7 0.491139 0.0415426 0.467318 
149.8 0.490936 0.0414697 0.467595 
149.9 0.490732 0.0413969 0.467871 
150 0.490529 0.0413241 0.468147 
150.1 0.490327 0.0412513 0.468422 
150.2 0.490125 0.0411786 0.468697 
150.3 0.489923 0.0411059 0.468971 
150.4 0.489722 0.0410333 0.469245 
150.5 0.489521 0.0409607 0.469518 
150.6 0.489321 0.0408881 0.469791 
150.7 0.489121 0.0408157 0.470063 
150.8 0.488922 0.0407432 0.470335 
150.9 0.488723 0.0406708 0.470607 
151 0.488524 0.0405985 0.470877 
151.1 0.488326 0.0405262 0.471148 
151.2 0.488128 0.0404539 0.471418 
151.3 0.487931 0.0403817 0.471687 
151.4 0.487734 0.0403096 0.471956 
151.5 0.487538 0.0402375 0.472225 
151.6 0.487342 0.0401654 0.472493 
151.7 0.487146 0.0400934 0.47276 
151.8 0.486951 0.0400215 0.473027 
151.9 0.486757 0.0399496 0.473294 
152 0.486562 0.0398777 0.47356 
152.1 0.486369 0.0398059 0.473826 
152.2 0.486175 0.0397342 0.474091 
152.3 0.485982 0.0396625 0.474355 
152.4 0.48579 0.0395909 0.47462 
152.5 0.485598 0.0395193 0.474883 
152.6 0.485406 0.0394477 0.475146 
152.7 0.485215 0.0393763 0.475409 
152.8 0.485024 0.0393048 0.475671 
152.9 0.484833 0.0392335 0.475933 
153 0.484643 0.0391622 0.476195 
153.1 0.484454 0.0390909 0.476455 
153.2 0.484265 0.0390197 0.476716 
153.3 0.484076 0.0389486 0.476976 
153.4 0.483887 0.0388775 0.477235 
153.5 0.4837 0.0388064 0.477494 
153.6 0.483512 0.0387355 0.477753 
153.7 0.483325 0.0386645 0.478011 
153.8 0.483138 0.0385937 0.478268 
153.9 0.482952 0.0385229 0.478525 
154 0.482766 0.0384521 0.478782 
154.1 0.482581 0.0383815 0.479038 
154.2 0.482396 0.0383108 0.479293 
154.3 0.482211 0.0382403 0.479549 
154.4 0.482027 0.0381698 0.479803 
154.5 0.481843 0.0380993 0.480058 
154.6 0.48166 0.0380289 0.480311 
154.7 0.481477 0.0379586 0.480565 
154.8 0.481294 0.0378883 0.480817 
154.9 0.481112 0.0378181 0.48107 
155 0.48093 0.037748 0.481322 
155.1 0.480749 0.0376779 0.481573 
155.2 0.480568 0.0376079 0.481824 
155.3 0.480388 0.0375379 0.482075 
155.4 0.480207 0.037468 0.482325 
155.5 0.480028 0.0373982 0.482574 
155.6 0.479848 0.0373284 0.482823 
155.7 0.479669 0.0372587 0.483072 
155.8 0.479491 0.0371891 0.48332 
155.9 0.479313 0.0371195 0.483568 
156 0.479135 0.03705 0.483815 
156.1 0.478958 0.0369806 0.484062 
156.2 0.478781 0.0369112 0.484308 
156.3 0.478604 0.0368419 0.484554 
156.4 0.478428 0.0367726 0.484799 
156.5 0.478252 0.0367034 0.485044 
156.6 0.478077 0.0366343 0.485289 
156.7 0.477902 0.0365652 0.485533 
156.8 0.477728 0.0364963 0.485776 
156.9 0.477553 0.0364273 0.486019 
157 0.47738 0.0363585 0.486262 
157.1 0.477206 0.0362897 0.486504 
157.2 0.477033 0.036221 0.486746 
157.3 0.476861 0.0361523 0.486987 
157.4 0.476689 0.0360837 0.487228 
157.5 0.476517 0.0360152 0.487468 
157.6 0.476345 0.0359468 0.487708 
157.7 0.476174 0.0358784 0.487947 
157.8 0.476004 0.0358101 0.488186 
157.9 0.475833 0.0357418 0.488425 
158 0.475664 0.0356737 0.488663 
158.1 0.475494 0.0356056 0.4889 
158.2 0.475325 0.0355375 0.489138 
158.3 0.475156 0.0354696 0.489374 
158.4 0.474988 0.0354017 0.489611 
158.5 0.47482 0.0353338 0.489846 
158.6 0.474652 0.0352661 0.490082 
158.7 0.474485 0.0351984 0.490317 
158.8 0.474318 0.0351308 0.490551 
158.9 0.474152 0.0350633 0.490785 
159 0.473986 0.0349958 0.491018 
159.1 0.47382 0.0349284 0.491252 
159.2 0.473655 0.0348611 0.491484 
159.3 0.47349 0.0347938 0.491716 
159.4 0.473325 0.0347267 0.491948 
159.5 0.473161 0.0346595 0.492179 
159.6 0.472997 0.0345925 0.49241 
159.7 0.472834 0.0345256 0.492641 
159.8 0.472671 0.0344587 0.492871 
159.9 0.472508 0.0343919 0.4931 
160 0.472346 0.0343251 0.493329 
160.1 0.472184 0.0342585 0.493558 
160.2 0.472022 0.0341919 0.493786 
160.3 0.471861 0.0341254 0.494014 
160.4 0.4717 0.0340589 0.494241 
160.5 0.47154 0.0339925 0.494468 
160.6 0.47138 0.0339263 0.494694 
160.7 0.47122 0.03386 0.49492 
160.8 0.471061 0.0337939 0.495146 
160.9 0.470902 0.0337278 0.495371 
161 0.470743 0.0336618 0.495595 
161.1 0.470585 0.0335959 0.495819 
161.2 0.470427 0.0335301 0.496043 
161.3 0.470269 0.0334643 0.496267 
161.4 0.470112 0.0333986 0.496489 
161.5 0.469955 0.033333 0.496712 
161.6 0.469799 0.0332675 0.496934 
161.7 0.469643 0.0332021 0.497155 
161.8 0.469487 0.0331367 0.497377 
161.9 0.469331 0.0330714 0.497597 
162 0.469176 0.0330062 0.497818 
162.1 0.469022 0.032941 0.498037 
162.2 0.468867 0.0328759 0.498257 
162.3 0.468713 0.032811 0.498476 
162.4 0.46856 0.032746 0.498694 
162.5 0.468406 0.0326812 0.498912 
162.6 0.468254 0.0326165 0.49913 
162.7 0.468101 0.0325518 0.499347 
162.8 0.467949 0.0324872 0.499564 
162.9 0.467797 0.0324227 0.49978 
163 0.467645 0.0323582 0.499996 
163.1 0.467494 0.0322939 0.500212 
163.2 0.467344 0.0322296 0.500427 
163.3 0.467193 0.0321654 0.500642 
163.4 0.467043 0.0321013 0.500856 
163.5 0.466893 0.0320372 0.50107 
163.6 0.466744 0.0319733 0.501283 
163.7 0.466595 0.0319094 0.501496 
163.8 0.466446 0.0318456 0.501708 
163.9 0.466298 0.0317818 0.50192 
164 0.46615 0.0317182 0.502132 
164.1 0.466002 0.0316546 0.502343 
164.2 0.465855 0.0315912 0.502554 
164.3 0.465708 0.0315278 0.502765 
164.4 0.465561 0.0314645 0.502975 
164.5 0.465415 0.0314012 0.503184 
164.6 0.465269 0.0313381 0.503393 
164.7 0.465123 0.031275 0.503602 
164.8 0.464978 0.031212 0.50381 
164.9 0.464833 0.0311491 0.504018 
165 0.464688 0.0310863 0.504226 
165.1 0.464544 0.0310235 0.504433 
165.2 0.4644 0.0309608 0.504639 
165.3 0.464256 0.0308983 0.504845 
165.4 0.464113 0.0308358 0.505051 
165.5 0.46397 0.0307733 0.505257 
165.6 0.463827 0.030711 0.505461 
165.7 0.463685 0.0306488 0.505666 
165.8 0.463543 0.0305866 0.50587 
165.9 0.463402 0.0305245 0.506074 
166 0.46326 0.0304625 0.506277 
166.1 0.463119 0.0304006 0.50648 
166.2 0.462979 0.0303387 0.506682 
166.3 0.462838 0.030277 0.506885 
166.4 0.462699 0.0302153 0.507086 
166.5 0.462559 0.0301537 0.507287 
166.6 0.46242 0.0300922 0.507488 
166.7 0.462281 0.0300308 0.507689 
166.8 0.462142 0.0299695 0.507889 
166.9 0.462004 0.0299082 0.508088 
167 0.461866 0.029847 0.508287 
167.1 0.461728 0.029786 0.508486 
167.2 0.46159 0.029725 0.508685 
167.3 0.461453 0.029664 0.508883 
167.4 0.461317 0.0296032 0.50908 
167.5 0.46118 0.0295425 0.509277 
167.6 0.461044 0.0294818 0.509474 
167.7 0.460908 0.0294212 0.50967 
167.8 0.460773 0.0293607 0.509866 
167.9 0.460638 0.0293003 0.510062 
168 0.460503 0.02924 0.510257 
168.1 0.460369 0.0291797 0.510452 
168.2 0.460234 0.0291196 0.510646 
168.3 0.460101 0.0290595 0.51084 
168.4 0.459967 0.0289995 0.511033 
168.5 0.459834 0.0289396 0.511227 
168.6 0.459701 0.0288798 0.511419 
168.7 0.459568 0.0288201 0.511612 
168.8 0.459436 0.0287605 0.511804 
168.9 0.459304 0.0287009 0.511995 
169 0.459172 0.0286414 0.512186 
169.1 0.459041 0.028582 0.512377 
169.2 0.45891 0.0285227 0.512567 
169.3 0.458779 0.0284635 0.512757 
169.4 0.458649 0.0284044 0.512947 
169.5 0.458519 0.0283453 0.513136 
169.6 0.458389 0.0282864 0.513325 
169.7 0.458259 0.0282275 0.513513 
169.8 0.45813 0.0281687 0.513701 
169.9 0.458001 0.02811 0.513889 
170 0.457873 0.0280514 0.514076 
170.1 0.457744 0.0279929 0.514263 
170.2 0.457616 0.0279345 0.514449 
170.3 0.457489 0.0278761 0.514635 
170.4 0.457361 0.0278178 0.514821 
170.5 0.457234 0.0277597 0.515006 
170.6 0.457107 0.0277016 0.515191 
170.7 0.456981 0.0276436 0.515376 
170.8 0.456855 0.0275856 0.51556 
170.9 0.456729 0.0275278 0.515743 
171 0.456603 0.02747 0.515927 
171.1 0.456478 0.0274124 0.51611 
171.2 0.456353 0.0273548 0.516292 
171.3 0.456228 0.0272973 0.516474 
171.4 0.456104 0.0272399 0.516656 
171.5 0.45598 0.0271826 0.516838 
171.6 0.455856 0.0271254 0.517019 
171.7 0.455733 0.0270682 0.517199 
171.8 0.455609 0.0270112 0.517379 
171.9 0.455486 0.0269542 0.517559 
172 0.455364 0.0268973 0.517739 
172.1 0.455241 0.0268406 0.517918 
172.2 0.455119 0.0267839 0.518097 
172.3 0.454998 0.0267272 0.518275 
172.4 0.454876 0.0266707 0.518453 
172.5 0.454755 0.0266143 0.518631 
172.6 0.454634 0.0265579 0.518808 
172.7 0.454514 0.0265016 0.518985 
172.8 0.454393 0.0264455 0.519161 
172.9 0.454273 0.0263894 0.519337 
173 0.454153 0.0263334 0.519513 
173.1 0.454034 0.0262774 0.519689 
173.2 0.453915 0.0262216 0.519864 
173.3 0.453796 0.0261659 0.520038 
173.4 0.453677 0.0261102 0.520212 
173.5 0.453559 0.0260546 0.520386 
173.6 0.453441 0.0259992 0.52056 
173.7 0.453323 0.0259438 0.520733 
173.8 0.453206 0.0258885 0.520906 
173.9 0.453089 0.0258332 0.521078 
174 0.452972 0.0257781 0.52125 
174.1 0.452855 0.0257231 0.521422 
174.2 0.452739 0.0256681 0.521593 
174.3 0.452623 0.0256133 0.521764 
174.4 0.452507 0.0255585 0.521935 
174.5 0.452391 0.0255038 0.522105 
174.6 0.452276 0.0254492 0.522275 
174.7 0.452161 0.0253947 0.522444 
174.8 0.452046 0.0253402 0.522613 
174.9 0.451932 0.0252859 0.522782 
175 0.451818 0.0252316 0.52295 
175.1 0.451704 0.0251775 0.523118 
175.2 0.45159 0.0251234 0.523286 
175.3 0.451477 0.0250694 0.523453 
175.4 0.451364 0.0250155 0.52362 
175.5 0.451251 0.0249617 0.523787 
175.6 0.451139 0.024908 0.523953 
175.7 0.451027 0.0248543 0.524119 
175.8 0.450915 0.0248008 0.524285 
175.9 0.450803 0.0247473 0.52445 
176 0.450692 0.0246939 0.524615 
176.1 0.45058 0.0246406 0.524779 
176.2 0.450469 0.0245874 0.524943 
176.3 0.450359 0.0245343 0.525107 
176.4 0.450248 0.0244813 0.52527 
176.5 0.450138 0.0244284 0.525433 
176.6 0.450029 0.0243755 0.525596 
176.7 0.449919 0.0243227 0.525758 
176.8 0.44981 0.0242701 0.52592 
176.9 0.449701 0.0242175 0.526082 
177 0.449592 0.024165 0.526243 
177.1 0.449483 0.0241126 0.526404 
177.2 0.449375 0.0240602 0.526565 
177.3 0.449267 0.024008 0.526725 
177.4 0.449159 0.0239559 0.526885 
177.5 0.449052 0.0239038 0.527044 
177.6 0.448945 0.0238518 0.527203 
177.7 0.448838 0.0237999 0.527362 
177.8 0.448731 0.0237481 0.527521 
177.9 0.448625 0.0236964 0.527679 
178 0.448518 0.0236448 0.527837 
178.1 0.448413 0.0235933 0.527994 
178.2 0.448307 0.0235418 0.528151 
178.3 0.448201 0.0234904 0.528308 
178.4 0.448096 0.0234392 0.528465 
178.5 0.447991 0.023388 0.528621 
178.6 0.447887 0.0233369 0.528776 
178.7 0.447782 0.0232859 0.528932 
178.8 0.447678 0.0232349 0.529087 
178.9 0.447574 0.0231841 0.529242 
179 0.447471 0.0231334 0.529396 
179.1 0.447367 0.0230827 0.52955 
179.2 0.447264 0.0230321 0.529704 
179.3 0.447161 0.0229816 0.529857 
179.4 0.447059 0.0229312 0.53001 
179.5 0.446956 0.0228809 0.530163 
179.6 0.446854 0.0228307 0.530315 
179.7 0.446752 0.0227805 0.530467 
179.8 0.446651 0.0227305 0.530619 
179.9 0.446549 0.0226805 0.53077 
180 0.446448 0.0226306 0.530921 
180.1 0.446347 0.0225808 0.531072 
180.2 0.446246 0.0225311 0.531222 
180.3 0.446146 0.0224815 0.531373 
180.4 0.446046 0.022432 0.531522 
180.5 0.445946 0.0223825 0.531672 
180.6 0.445846 0.0223332 0.531821 
180.7 0.445747 0.0222839 0.531969 
180.8 0.445647 0.0222347 0.532118 
180.9 0.445549 0.0221856 0.532266 
181 0.44545 0.0221366 0.532414 
181.1 0.445351 0.0220877 0.532561 
181.2 0.445253 0.0220388 0.532708 
181.3 0.445155 0.0219901 0.532855 
181.4 0.445057 0.0219414 0.533001 
181.5 0.44496 0.0218928 0.533147 
181.6 0.444862 0.0218443 0.533293 
181.7 0.444765 0.0217959 0.533439 
181.8 0.444669 0.0217476 0.533584 
181.9 0.444572 0.0216994 0.533729 
182 0.444476 0.0216512 0.533873 
182.1 0.44438 0.0216032 0.534017 
182.2 0.444284 0.0215552 0.534161 
182.3 0.444188 0.0215073 0.534305 
182.4 0.444093 0.0214595 0.534448 
182.5 0.443997 0.0214118 0.534591 
182.6 0.443902 0.0213641 0.534733 
182.7 0.443808 0.0213166 0.534876 
182.8 0.443713 0.0212691 0.535018 
182.9 0.443619 0.0212217 0.535159 
183 0.443525 0.0211745 0.535301 
183.1 0.443431 0.0211272 0.535442 
183.2 0.443338 0.0210801 0.535582 
183.3 0.443244 0.0210331 0.535723 
183.4 0.443151 0.0209861 0.535863 
183.5 0.443058 0.0209393 0.536003 
183.6 0.442966 0.0208925 0.536142 
183.7 0.442873 0.0208458 0.536281 
183.8 0.442781 0.0207992 0.53642 
183.9 0.442689 0.0207527 0.536558 
184 0.442597 0.0207062 0.536697 
184.1 0.442506 0.0206599 0.536834 
184.2 0.442414 0.0206136 0.536972 
184.3 0.442323 0.0205674 0.537109 
184.4 0.442232 0.0205213 0.537246 
184.5 0.442142 0.0204753 0.537383 
184.6 0.442051 0.0204294 0.537519 
184.7 0.441961 0.0203835 0.537655 
184.8 0.441871 0.0203378 0.537791 
184.9 0.441781 0.0202921 0.537927 
185 0.441692 0.0202465 0.538062 
185.1 0.441603 0.020201 0.538196 
185.2 0.441513 0.0201556 0.538331 
185.3 0.441425 0.0201102 0.538465 
185.4 0.441336 0.020065 0.538599 
185.5 0.441247 0.0200198 0.538733 
185.6 0.441159 0.0199747 0.538866 
185.7 0.441071 0.0199297 0.538999 
185.8 0.440983 0.0198848 0.539132 
185.9 0.440896 0.01984 0.539264 
186 0.440808 0.0197952 0.539396 
186.1 0.440721 0.0197505 0.539528 
186.2 0.440634 0.019706 0.53966 
186.3 0.440548 0.0196615 0.539791 
186.4 0.440461 0.019617 0.539922 
186.5 0.440375 0.0195727 0.540052 
186.6 0.440289 0.0195285 0.540183 
186.7 0.440203 0.0194843 0.540313 
186.8 0.440117 0.0194402 0.540443 
186.9 0.440032 0.0193962 0.540572 
187 0.439947 0.0193523 0.540701 
187.1 0.439861 0.0193085 0.54083 
187.2 0.439777 0.0192647 0.540959 
187.3 0.439692 0.019221 0.541087 
187.4 0.439608 0.0191775 0.541215 
187.5 0.439523 0.019134 0.541343 
187.6 0.439439 0.0190905 0.54147 
187.7 0.439356 0.0190472 0.541597 
187.8 0.439272 0.0190039 0.541724 
187.9 0.439189 0.0189608 0.541851 
188 0.439106 0.0189177 0.541977 
188.1 0.439023 0.0188747 0.542103 
188.2 0.43894 0.0188317 0.542228 
188.3 0.438857 0.0187889 0.542354 
188.4 0.438775 0.0187461 0.542479 
188.5 0.438693 0.0187035 0.542604 
188.6 0.438611 0.0186609 0.542728 
188.7 0.438529 0.0186183 0.542853 
188.8 0.438447 0.0185759 0.542977 
188.9 0.438366 0.0185336 0.5431 
189 0.438285 0.0184913 0.543224 
189.1 0.438204 0.0184491 0.543347 
189.2 0.438123 0.018407 0.54347 
189.3 0.438043 0.018365 0.543592 
189.4 0.437962 0.018323 0.543715 
189.5 0.437882 0.0182812 0.543837 
189.6 0.437802 0.0182394 0.543958 
189.7 0.437723 0.0181977 0.54408 
189.8 0.437643 0.018156 0.544201 
189.9 0.437564 0.0181145 0.544322 
190 0.437484 0.018073 0.544442 
190.1 0.437406 0.0180317 0.544563 
190.2 0.437327 0.0179904 0.544683 
190.3 0.437248 0.0179491 0.544803 
190.4 0.43717 0.017908 0.544922 
190.5 0.437092 0.0178669 0.545041 
190.6 0.437014 0.017826 0.54516 
190.7 0.436936 0.0177851 0.545279 
190.8 0.436858 0.0177443 0.545398 
190.9 0.436781 0.0177035 0.545516 
191 0.436704 0.0176629 0.545634 
191.1 0.436626 0.0176223 0.545751 
191.2 0.43655 0.0175818 0.545869 
191.3 0.436473 0.0175414 0.545986 
191.4 0.436396 0.017501 0.546102 
191.5 0.43632 0.0174608 0.546219 
191.6 0.436244 0.0174206 0.546335 
191.7 0.436168 0.0173805 0.546451 
191.8 0.436093 0.0173405 0.546567 
191.9 0.436017 0.0173005 0.546683 
192 0.435942 0.0172607 0.546798 
192.1 0.435866 0.0172209 0.546913 
192.2 0.435792 0.0171812 0.547027 
192.3 0.435717 0.0171415 0.547142 
192.4 0.435642 0.017102 0.547256 
192.5 0.435568 0.0170625 0.54737 
192.6 0.435494 0.0170231 0.547483 
192.7 0.435419 0.0169838 0.547597 
192.8 0.435346 0.0169446 0.54771 
192.9 0.435272 0.0169054 0.547823 
193 0.435198 0.0168663 0.547935 
193.1 0.435125 0.0168273 0.548048 
193.2 0.435052 0.0167884 0.54816 
193.3 0.434979 0.0167496 0.548271 
193.4 0.434906 0.0167108 0.548383 
193.5 0.434834 0.0166721 0.548494 
193.6 0.434761 0.0166335 0.548605 
193.7 0.434689 0.016595 0.548716 
193.8 0.434617 0.0165565 0.548826 
193.9 0.434545 0.0165181 0.548937 
194 0.434473 0.0164798 0.549047 
194.1 0.434402 0.0164416 0.549156 
194.2 0.434331 0.0164034 0.549266 
194.3 0.434259 0.0163654 0.549375 
194.4 0.434188 0.0163274 0.549484 
194.5 0.434118 0.0162895 0.549593 
194.6 0.434047 0.0162516 0.549701 
194.7 0.433977 0.0162138 0.54981 
194.8 0.433906 0.0161762 0.549918 
194.9 0.433836 0.0161385 0.550025 
195 0.433766 0.016101 0.550133 
195.1 0.433697 0.0160635 0.55024 
195.2 0.433627 0.0160262 0.550347 
195.3 0.433558 0.0159888 0.550454 
195.4 0.433488 0.0159516 0.55056 
195.5 0.433419 0.0159145 0.550666 
195.6 0.43335 0.0158774 0.550772 
195.7 0.433282 0.0158404 0.550878 
195.8 0.433213 0.0158034 0.550983 
195.9 0.433145 0.0157666 0.551089 
196 0.433077 0.0157298 0.551194 
196.1 0.433008 0.0156931 0.551298 
196.2 0.432941 0.0156565 0.551403 
196.3 0.432873 0.0156199 0.551507 
196.4 0.432805 0.0155834 0.551611 
196.5 0.432738 0.015547 0.551715 
196.6 0.432671 0.0155107 0.551819 
196.7 0.432604 0.0154744 0.551922 
196.8 0.432537 0.0154382 0.552025 
196.9 0.43247 0.0154021 0.552128 
197 0.432404 0.0153661 0.55223 
197.1 0.432337 0.0153301 0.552333 
197.2 0.432271 0.0152943 0.552435 
197.3 0.432205 0.0152584 0.552536 
197.4 0.432139 0.0152227 0.552638 
197.5 0.432074 0.015187 0.552739 
197.6 0.432008 0.0151515 0.552841 
197.7 0.431943 0.0151159 0.552941 
197.8 0.431877 0.0150805 0.553042 
197.9 0.431812 0.0150451 0.553142 
198 0.431747 0.0150098 0.553243 
198.1 0.431683 0.0149746 0.553343 
198.2 0.431618 0.0149394 0.553442 
198.3 0.431554 0.0149044 0.553542 
198.4 0.43149 0.0148694 0.553641 
198.5 0.431425 0.0148344 0.55374 
198.6 0.431362 0.0147996 0.553839 
198.7 0.431298 0.0147648 0.553937 
198.8 0.431234 0.0147301 0.554036 
198.9 0.431171 0.0146954 0.554134 
199 0.431107 0.0146609 0.554232 
199.1 0.431044 0.0146264 0.554329 
199.2 0.430981 0.0145919 0.554427 
199.3 0.430919 0.0145576 0.554524 
199.4 0.430856 0.0145233 0.554621 
199.5 0.430793 0.0144891 0.554717 
199.6 0.430731 0.0144549 0.554814 
199.7 0.430669 0.0144209 0.55491 
199.8 0.430607 0.0143869 0.555006 
199.9 0.430545 0.0143529 0.555102 
200 0.430483 0.0143191 0.555198 
