0.000100 400.000000
0.010100 399.798543
0.020100 399.597095
0.030100 399.395658
0.040100 399.194230
0.050100 398.992812
0.060100 398.791404
0.070100 398.590006
0.080100 398.388618
0.090100 398.187240
0.100100 397.985871
0.110100 397.784513
0.120100 397.583164
0.130100 397.381824
0.140100 397.180495
0.150100 396.979175
0.160100 396.777865
0.170100 396.576564
0.180100 396.375273
0.190100 396.173992
0.200100 395.972721
0.210100 395.771458
0.220100 395.570206
0.230100 395.368963
0.240100 395.167730
0.250100 394.966506
0.260100 394.765291
0.270100 394.564086
0.280100 394.362891
0.290100 394.161704
0.300100 393.960528
0.310100 393.759360
0.320100 393.558202
0.330100 393.357053
0.340100 393.155914
0.350100 392.954784
0.360100 392.753663
0.370100 392.552552
0.380100 392.351449
0.390100 392.150356
0.400100 391.949272
0.410100 391.748198
0.420100 391.547132
0.430100 391.346076
0.440100 391.145028
0.450100 390.943990
0.460100 390.742961
0.470100 390.541941
0.480100 390.340930
0.490100 390.139928
0.500100 389.938935
0.510100 389.737951
0.520100 389.536976
0.530100 389.336009
0.540100 389.135052
0.550100 388.934104
0.560100 388.733164
0.570100 388.532234
0.580100 388.331312
0.590100 388.130399
0.600100 387.929495
0.610100 387.728599
0.620100 387.527713
0.630100 387.326835
0.640100 387.125966
0.650100 386.925105
0.660100 386.724253
0.670100 386.523410
0.680100 386.322576
0.690100 386.121750
0.700100 385.920932
0.710100 385.720124
0.720100 385.519323
0.730100 385.318532
0.740100 385.117749
0.750100 384.916974
0.760100 384.716208
0.770100 384.515450
0.780100 384.314701
0.790100 384.113960
0.800100 383.913227
0.810100 383.712503
0.820100 383.511788
0.830100 383.311080
0.840100 383.110381
0.850100 382.909690
0.860100 382.709008
0.870100 382.508333
0.880100 382.307667
0.890100 382.107010
0.900100 381.906360
0.910100 381.705718
0.920100 381.505085
0.930100 381.304460
0.940100 381.103843
0.950100 380.903234
0.960100 380.702633
0.970100 380.502040
0.980100 380.301455
0.990100 380.100879
1.000100 379.900310
1.010100 379.699749
1.020100 379.499196
1.030100 379.298651
1.040100 379.098114
1.050100 378.897585
1.060100 378.697064
1.070100 378.496550
1.080100 378.296045
1.090100 378.095547
1.100100 377.895057
1.110100 377.694575
1.120100 377.494101
1.130100 377.293634
1.140100 377.093175
1.150100 376.892724
1.160100 376.692280
1.170100 376.491844
1.180100 376.291416
1.190100 376.090995
1.200100 375.890582
1.210100 375.690176
1.220100 375.489778
1.230100 375.289388
1.240100 375.089005
1.250100 374.888630
1.260100 374.688262
1.270100 374.487901
1.280100 374.287548
1.290100 374.087202
1.300100 373.886864
1.310100 373.686533
1.320100 373.486210
1.330100 373.285893
1.340100 373.085584
1.350100 372.885283
1.360100 372.684989
1.370100 372.484701
1.380100 372.284422
1.390100 372.084149
1.400100 371.883884
1.410100 371.683625
1.420100 371.483374
1.430100 371.283130
1.440100 371.082893
1.450100 370.882664
1.460100 370.682441
1.470100 370.482225
1.480100 370.282017
1.490100 370.081815
1.500100 369.881620
1.510100 369.681433
1.520100 369.481252
1.530100 369.281078
1.540100 369.080912
1.550100 368.880752
1.560100 368.680599
1.570100 368.480452
1.580100 368.280313
1.590100 368.080181
1.600100 367.880055
1.610100 367.679936
1.620100 367.479824
1.630100 367.279718
1.640100 367.079619
1.650100 366.879527
1.660100 366.679442
1.670100 366.479363
1.680100 366.279291
1.690100 366.079226
1.700100 365.879167
1.710100 365.679114
1.720100 365.479069
1.730100 365.279029
1.740100 365.078997
1.750100 364.878970
1.760100 364.678951
1.770100 364.478937
1.780100 364.278930
1.790100 364.078930
1.800100 363.878936
1.810100 363.678948
1.820100 363.478967
1.830100 363.278992
1.840100 363.079023
1.850100 362.879061
1.860100 362.679105
1.870100 362.479155
1.880100 362.279211
1.890100 362.079274
1.900100 361.879343
1.910100 361.679418
1.920100 361.479499
1.930100 361.279586
1.940100 361.079679
1.950100 360.879779
1.960100 360.679884
1.970100 360.479996
1.980100 360.280114
1.990100 360.080237
2.000100 359.880367
2.010100 359.680503
2.020100 359.480644
2.030100 359.280792
2.040100 359.080945
2.050100 358.881105
2.060100 358.681270
2.070100 358.481441
2.080100 358.281618
2.090100 358.081800
2.100100 357.881989
2.110100 357.682183
2.120100 357.482383
2.130100 357.282589
2.140100 357.082801
2.150100 356.883018
2.160100 356.683241
2.170100 356.483469
2.180100 356.283703
2.190100 356.083943
2.200100 355.884189
2.210100 355.684440
2.220100 355.484696
2.230100 355.284958
2.240100 355.085226
2.250100 354.885499
2.260100 354.685777
2.270100 354.486061
2.280100 354.286351
2.290100 354.086646
2.300100 353.886946
2.310100 353.687252
2.320100 353.487563
2.330100 353.287879
2.340100 353.088201
2.350100 352.888528
2.360100 352.688860
2.370100 352.489197
2.380100 352.289540
2.390100 352.089888
2.400100 351.890241
2.410100 351.690599
2.420100 351.490963
2.430100 351.291332
2.440100 351.091705
2.450100 350.892084
2.460100 350.692468
2.470100 350.492857
2.480100 350.293251
2.490100 350.093650
2.500100 349.894054
2.510100 349.694463
2.520100 349.494877
2.530100 349.295296
2.540100 349.095720
2.550100 348.896149
2.560100 348.696582
2.570100 348.497021
2.580100 348.297464
2.590100 348.097912
2.600100 347.898365
2.610100 347.698823
2.620100 347.499285
2.630100 347.299752
2.640100 347.100224
2.650100 346.900701
2.660100 346.701182
2.670100 346.501668
2.680100 346.302159
2.690100 346.102654
2.700100 345.903154
2.710100 345.703658
2.720100 345.504167
2.730100 345.304681
2.740100 345.105199
2.750100 344.905722
2.760100 344.706249
2.770100 344.506780
2.780100 344.307316
2.790100 344.107856
2.800100 343.908401
2.810100 343.708950
2.820100 343.509504
2.830100 343.310062
2.840100 343.110624
2.850100 342.911190
2.860100 342.711761
2.870100 342.512336
2.880100 342.312915
2.890100 342.113499
2.900100 341.914086
2.910100 341.714678
2.920100 341.515274
2.930100 341.315874
2.940100 341.116479
2.950100 340.917087
2.960100 340.717700
2.970100 340.518316
2.980100 340.318937
2.990100 340.119561
3.000100 339.920190
3.010100 339.720823
3.020100 339.521459
3.030100 339.322100
3.040100 339.122744
3.050100 338.923392
3.060100 338.724045
3.070100 338.524701
3.080100 338.325361
3.090100 338.126024
3.100100 337.926692
3.110100 337.727363
3.120100 337.528038
3.130100 337.328717
3.140100 337.129400
3.150100 336.930086
3.160100 336.730776
3.170100 336.531470
3.180100 336.332167
3.190100 336.132868
3.200100 335.933573
3.210100 335.734281
3.220100 335.534992
3.230100 335.335708
3.240100 335.136426
3.250100 334.937149
3.260100 334.737874
3.270100 334.538603
3.280100 334.339336
3.290100 334.140072
3.300100 333.940812
3.310100 333.741555
3.320100 333.542301
3.330100 333.343050
3.340100 333.143803
3.350100 332.944559
3.360100 332.745319
3.370100 332.546082
3.380100 332.346848
3.390100 332.147617
3.400100 331.948390
3.410100 331.749165
3.420100 331.549944
3.430100 331.350726
3.440100 331.151511
3.450100 330.952299
3.460100 330.753091
3.470100 330.553885
3.480100 330.354682
3.490100 330.155483
3.500100 329.956286
3.510100 329.757093
3.520100 329.557902
3.530100 329.358714
3.540100 329.159530
3.550100 328.960348
3.560100 328.761169
3.570100 328.561993
3.580100 328.362820
3.590100 328.163649
3.600100 327.964482
3.610100 327.765317
3.620100 327.566155
3.630100 327.366996
3.640100 327.167839
3.650100 326.968686
3.660100 326.769535
3.670100 326.570386
3.680100 326.371240
3.690100 326.172097
3.700100 325.972957
3.710100 325.773819
3.720100 325.574683
3.730100 325.375551
3.740100 325.176420
3.750100 324.977293
3.760100 324.778167
3.770100 324.579044
3.780100 324.379924
3.790100 324.180806
3.800100 323.981691
3.810100 323.782578
3.820100 323.583467
3.830100 323.384358
3.840100 323.185252
3.850100 322.986149
3.860100 322.787047
3.870100 322.587948
3.880100 322.388851
3.890100 322.189756
3.900100 321.990664
3.910100 321.791574
3.920100 321.592486
3.930100 321.393400
3.940100 321.194316
3.950100 320.995234
3.960100 320.796155
3.970100 320.597077
3.980100 320.398002
3.990100 320.198928
4.000100 319.999857
4.010100 319.800787
4.020100 319.601720
4.030100 319.402654
4.040100 319.203591
4.050100 319.004529
4.060100 318.805469
4.070100 318.606412
4.080100 318.407356
4.090100 318.208301
4.100100 318.009249
4.110100 317.810199
4.120100 317.611150
4.130100 317.412103
4.140100 317.213058
4.150100 317.014014
4.160100 316.814972
4.170100 316.615932
4.180100 316.416893
4.190100 316.217856
4.200100 316.018821
4.210100 315.819788
4.220100 315.620755
4.230100 315.421725
4.240100 315.222696
4.250100 315.023668
4.260100 314.824643
4.270100 314.625618
4.280100 314.426595
4.290100 314.227573
4.300100 314.028553
4.310100 313.829534
4.320100 313.630517
4.330100 313.431501
4.340100 313.232486
4.350100 313.033473
4.360100 312.834461
4.370100 312.635450
4.380100 312.436441
4.390100 312.237432
4.400100 312.038425
4.410100 311.839419
4.420100 311.640415
4.430100 311.441411
4.440100 311.242409
4.450100 311.043407
4.460100 310.844407
4.470100 310.645408
4.480100 310.446410
4.490100 310.247413
4.500100 310.048417
4.510100 309.849422
4.520100 309.650428
4.530100 309.451435
4.540100 309.252443
4.550100 309.053452
4.560100 308.854462
4.570100 308.655473
4.580100 308.456484
4.590100 308.257497
4.600100 308.058510
4.610100 307.859524
4.620100 307.660539
4.630100 307.461554
4.640100 307.262570
4.650100 307.063587
4.660100 306.864605
4.670100 306.665623
4.680100 306.466643
4.690100 306.267662
4.700100 306.068683
4.710100 305.869704
4.720100 305.670725
4.730100 305.471747
4.740100 305.272770
4.750100 305.073793
4.760100 304.874817
4.770100 304.675841
4.780100 304.476865
4.790100 304.277890
4.800100 304.078916
4.810100 303.879942
4.820100 303.680968
4.830100 303.481995
4.840100 303.283022
4.850100 303.084049
4.860100 302.885077
4.870100 302.686105
4.880100 302.487133
4.890100 302.288161
4.900100 302.089190
4.910100 301.890219
4.920100 301.691248
4.930100 301.492277
4.940100 301.293307
4.950100 301.094336
4.960100 300.895366
4.970100 300.696396
4.980100 300.497425
4.990100 300.298455
5.000100 300.099485
5.010100 299.900515
5.020100 299.701545
5.030100 299.502575
5.040100 299.303604
5.050100 299.104634
5.060100 298.905664
5.070100 298.706693
5.080100 298.507723
5.090100 298.308752
5.100100 298.109781
5.110100 297.910810
5.120100 297.711839
5.130100 297.512867
5.140100 297.313895
5.150100 297.114923
5.160100 296.915951
5.170100 296.716978
5.180100 296.518005
5.190100 296.319032
5.200100 296.120058
5.210100 295.921084
5.220100 295.722110
5.230100 295.523135
5.240100 295.324159
5.250100 295.125183
5.260100 294.926207
5.270100 294.727230
5.280100 294.528253
5.290100 294.329275
5.300100 294.130296
5.310100 293.931317
5.320100 293.732338
5.330100 293.533357
5.340100 293.334377
5.350100 293.135395
5.360100 292.936413
5.370100 292.737430
5.380100 292.538446
5.390100 292.339461
5.400100 292.140476
5.410100 291.941490
5.420100 291.742503
5.430100 291.543516
5.440100 291.344527
5.450100 291.145538
5.460100 290.946548
5.470100 290.747557
5.480100 290.548565
5.490100 290.349572
5.500100 290.150578
5.510100 289.951583
5.520100 289.752587
5.530100 289.553590
5.540100 289.354592
5.550100 289.155593
5.560100 288.956593
5.570100 288.757591
5.580100 288.558589
5.590100 288.359585
5.600100 288.160581
5.610100 287.961575
5.620100 287.762568
5.630100 287.563559
5.640100 287.364550
5.650100 287.165539
5.660100 286.966527
5.670100 286.767514
5.680100 286.568499
5.690100 286.369483
5.700100 286.170466
5.710100 285.971447
5.720100 285.772427
5.730100 285.573405
5.740100 285.374382
5.750100 285.175357
5.760100 284.976332
5.770100 284.777304
5.780100 284.578275
5.790100 284.379245
5.800100 284.180212
5.810100 283.981179
5.820100 283.782144
5.830100 283.583107
5.840100 283.384068
5.850100 283.185028
5.860100 282.985986
5.870100 282.786942
5.880100 282.587897
5.890100 282.388850
5.900100 282.189801
5.910100 281.990751
5.920100 281.791699
5.930100 281.592644
5.940100 281.393588
5.950100 281.194531
5.960100 280.995471
5.970100 280.796409
5.980100 280.597346
5.990100 280.398280
6.000100 280.199213
6.010100 280.000143
6.020100 279.801072
6.030100 279.601998
6.040100 279.402923
6.050100 279.203845
6.060100 279.004766
6.070100 278.805684
6.080100 278.606600
6.090100 278.407514
6.100100 278.208426
6.110100 278.009336
6.120100 277.810244
6.130100 277.611149
6.140100 277.412052
6.150100 277.212953
6.160100 277.013851
6.170100 276.814748
6.180100 276.615642
6.190100 276.416533
6.200100 276.217422
6.210100 276.018309
6.220100 275.819194
6.230100 275.620076
6.240100 275.420956
6.250100 275.221833
6.260100 275.022708
6.270100 274.823580
6.280100 274.624449
6.290100 274.425317
6.300100 274.226181
6.310100 274.027043
6.320100 273.827903
6.330100 273.628760
6.340100 273.429614
6.350100 273.230465
6.360100 273.031314
6.370100 272.832161
6.380100 272.633004
6.390100 272.433845
6.400100 272.234683
6.410100 272.035518
6.420100 271.836351
6.430100 271.637180
6.440100 271.438007
6.450100 271.238831
6.460100 271.039652
6.470100 270.840470
6.480100 270.641286
6.490100 270.442098
6.500100 270.242907
6.510100 270.043714
6.520100 269.844517
6.530100 269.645318
6.540100 269.446115
6.550100 269.246909
6.560100 269.047701
6.570100 268.848489
6.580100 268.649274
6.590100 268.450056
6.600100 268.250835
6.610100 268.051610
6.620100 267.852383
6.630100 267.653152
6.640100 267.453918
6.650100 267.254681
6.660100 267.055441
6.670100 266.856197
6.680100 266.656950
6.690100 266.457699
6.700100 266.258445
6.710100 266.059188
6.720100 265.859928
6.730100 265.660664
6.740100 265.461397
6.750100 265.262126
6.760100 265.062851
6.770100 264.863574
6.780100 264.664292
6.790100 264.465008
6.800100 264.265719
6.810100 264.066427
6.820100 263.867132
6.830100 263.667833
6.840100 263.468530
6.850100 263.269224
6.860100 263.069914
6.870100 262.870600
6.880100 262.671283
6.890100 262.471962
6.900100 262.272637
6.910100 262.073308
6.920100 261.873976
6.930100 261.674639
6.940100 261.475299
6.950100 261.275955
6.960100 261.076608
6.970100 260.877256
6.980100 260.677900
6.990100 260.478541
7.000100 260.279177
7.010100 260.079810
7.020100 259.880439
7.030100 259.681063
7.040100 259.481684
7.050100 259.282300
7.060100 259.082913
7.070100 258.883521
7.080100 258.684126
7.090100 258.484726
7.100100 258.285322
7.110100 258.085914
7.120100 257.886501
7.130100 257.687085
7.140100 257.487664
7.150100 257.288239
7.160100 257.088810
7.170100 256.889376
7.180100 256.689938
7.190100 256.490496
7.200100 256.291050
7.210100 256.091599
7.220100 255.892144
7.230100 255.692684
7.240100 255.493220
7.250100 255.293751
7.260100 255.094278
7.270100 254.894801
7.280100 254.695319
7.290100 254.495833
7.300100 254.296342
7.310100 254.096846
7.320100 253.897346
7.330100 253.697841
7.340100 253.498332
7.350100 253.298818
7.360100 253.099299
7.370100 252.899776
7.380100 252.700248
7.390100 252.500715
7.400100 252.301177
7.410100 252.101635
7.420100 251.902088
7.430100 251.702536
7.440100 251.502979
7.450100 251.303418
7.460100 251.103851
7.470100 250.904280
7.480100 250.704704
7.490100 250.505123
7.500100 250.305537
7.510100 250.105946
7.520100 249.906350
7.530100 249.706749
7.540100 249.507143
7.550100 249.307532
7.560100 249.107916
7.570100 248.908295
7.580100 248.708668
7.590100 248.509037
7.600100 248.309401
7.610100 248.109759
7.620100 247.910112
7.630100 247.710460
7.640100 247.510803
7.650100 247.311140
7.660100 247.111472
7.670100 246.911799
7.680100 246.712121
7.690100 246.512437
7.700100 246.312748
7.710100 246.113054
7.720100 245.913354
7.730100 245.713649
7.740100 245.513939
7.750100 245.314223
7.760100 245.114501
7.770100 244.914774
7.780100 244.715042
7.790100 244.515304
7.800100 244.315560
7.810100 244.115811
7.820100 243.916057
7.830100 243.716297
7.840100 243.516531
7.850100 243.316759
7.860100 243.116982
7.870100 242.917199
7.880100 242.717411
7.890100 242.517617
7.900100 242.317817
7.910100 242.118011
7.920100 241.918200
7.930100 241.718382
7.940100 241.518559
7.950100 241.318730
7.960100 241.118895
7.970100 240.919055
7.980100 240.719208
7.990100 240.519356
8.000100 240.319497
8.010100 240.119633
8.020100 239.919763
8.030100 239.719886
8.040100 239.520004
8.050100 239.320116
8.060100 239.120221
8.070100 238.920321
8.080100 238.720414
8.090100 238.520501
8.100100 238.320582
8.110100 238.120657
8.120100 237.920726
8.130100 237.720789
8.140100 237.520845
8.150100 237.320895
8.160100 237.120939
8.170100 236.920977
8.180100 236.721008
8.190100 236.521033
8.200100 236.321052
8.210100 236.121064
8.220100 235.921070
8.230100 235.721070
8.240100 235.521063
8.250100 235.321049
8.260100 235.121030
8.270100 234.921003
8.280100 234.720971
8.290100 234.520931
8.300100 234.320886
8.310100 234.120833
8.320100 233.920774
8.330100 233.720709
8.340100 233.520637
8.350100 233.320558
8.360100 233.120473
8.370100 232.920381
8.380100 232.720282
8.390100 232.520176
8.400100 232.320064
8.410100 232.119945
8.420100 231.919819
8.430100 231.719687
8.440100 231.519548
8.450100 231.319401
8.460100 231.119248
8.470100 230.919088
8.480100 230.718922
8.490100 230.518748
8.500100 230.318567
8.510100 230.118380
8.520100 229.918185
8.530100 229.717983
8.540100 229.517775
8.550100 229.317559
8.560100 229.117336
8.570100 228.917107
8.580100 228.716870
8.590100 228.516626
8.600100 228.316375
8.610100 228.116116
8.620100 227.915851
8.630100 227.715578
8.640100 227.515299
8.650100 227.315011
8.660100 227.114717
8.670100 226.914416
8.680100 226.714107
8.690100 226.513790
8.700100 226.313467
8.710100 226.113136
8.720100 225.912798
8.730100 225.712452
8.740100 225.512099
8.750100 225.311738
8.760100 225.111370
8.770100 224.910995
8.780100 224.710612
8.790100 224.510222
8.800100 224.309824
8.810100 224.109418
8.820100 223.909005
8.830100 223.708584
8.840100 223.508156
8.850100 223.307720
8.860100 223.107276
8.870100 222.906825
8.880100 222.706366
8.890100 222.505899
8.900100 222.305425
8.910100 222.104943
8.920100 221.904453
8.930100 221.703955
8.940100 221.503450
8.950100 221.302936
8.960100 221.102415
8.970100 220.901886
8.980100 220.701349
8.990100 220.500804
9.000100 220.300251
9.010100 220.099690
9.020100 219.899121
9.030100 219.698545
9.040100 219.497960
9.050100 219.297367
9.060100 219.096766
9.070100 218.896157
9.080100 218.695540
9.090100 218.494915
9.100100 218.294282
9.110100 218.093640
9.120100 217.892990
9.130100 217.692333
9.140100 217.491667
9.150100 217.290992
9.160100 217.090310
9.170100 216.889619
9.180100 216.688920
9.190100 216.488212
9.200100 216.287497
9.210100 216.086773
9.220100 215.886040
9.230100 215.685299
9.240100 215.484550
9.250100 215.283792
9.260100 215.083026
9.270100 214.882251
9.280100 214.681468
9.290100 214.480677
9.300100 214.279876
9.310100 214.079068
9.320100 213.878250
9.330100 213.677424
9.340100 213.476590
9.350100 213.275747
9.360100 213.074895
9.370100 212.874034
9.380100 212.673165
9.390100 212.472287
9.400100 212.271401
9.410100 212.070505
9.420100 211.869601
9.430100 211.668688
9.440100 211.467766
9.450100 211.266836
9.460100 211.065896
9.470100 210.864948
9.480100 210.663991
9.490100 210.463024
9.500100 210.262049
9.510100 210.061065
9.520100 209.860072
9.530100 209.659070
9.540100 209.458059
9.550100 209.257039
9.560100 209.056010
9.570100 208.854972
9.580100 208.653924
9.590100 208.452868
9.600100 208.251802
9.610100 208.050728
9.620100 207.849644
9.630100 207.648551
9.640100 207.447448
9.650100 207.246337
9.660100 207.045216
9.670100 206.844086
9.680100 206.642947
9.690100 206.441798
9.700100 206.240640
9.710100 206.039472
9.720100 205.838296
9.730100 205.637109
9.740100 205.435914
9.750100 205.234709
9.760100 205.033494
9.770100 204.832270
9.780100 204.631037
9.790100 204.429794
9.800100 204.228542
9.810100 204.027279
9.820100 203.826008
9.830100 203.624727
9.840100 203.423436
9.850100 203.222135
9.860100 203.020825
9.870100 202.819505
9.880100 202.618176
9.890100 202.416836
9.900100 202.215487
9.910100 202.014129
9.920100 201.812760
9.930100 201.611382
9.940100 201.409994
9.950100 201.208596
9.960100 201.007188
9.970100 200.805770
9.980100 200.604342
9.990100 200.402905
10.000100 200.201457
10.010100 200.000000
