0.000000 400.000000
0.009990 399.005886
0.019980 398.021652
0.029970 397.047202
0.039960 396.082436
0.049950 395.127260
0.059940 394.181577
0.069930 393.245294
0.079920 392.318317
0.089910 391.400553
0.099900 390.491911
0.109890 389.592299
0.119880 388.701630
0.129870 387.819812
0.139860 386.946760
0.149850 386.082384
0.159840 385.226600
0.169830 384.379321
0.179820 383.540463
0.189810 382.709943
0.199800 381.887677
0.209790 381.073583
0.219780 380.267581
0.229770 379.469589
0.239760 378.679529
0.249750 377.897321
0.259740 377.122887
0.269730 376.356149
0.279720 375.597033
0.289710 374.845460
0.299700 374.101358
0.309690 373.364650
0.319680 372.635265
0.329670 371.913128
0.339660 371.198169
0.349650 370.490315
0.359640 369.789496
0.369630 369.095642
0.379620 368.408684
0.389610 367.728553
0.399600 367.055181
0.409590 366.388502
0.419580 365.728448
0.429570 365.074954
0.439560 364.427954
0.449550 363.787384
0.459540 363.153181
0.469530 362.525279
0.479520 361.903618
0.489510 361.288135
0.499500 360.678769
0.509491 360.075458
0.519481 359.478143
0.529471 358.886764
0.539461 358.301262
0.549451 357.721578
0.559441 357.147655
0.569431 356.579435
0.579421 356.016862
0.589411 355.459879
0.599401 354.908431
0.609391 354.362463
0.619381 353.821921
0.629371 353.286750
0.639361 352.756897
0.649351 352.232309
0.659341 351.712934
0.669331 351.198720
0.679321 350.689615
0.689311 350.185570
0.699301 349.686533
0.709291 349.192454
0.719281 348.703285
0.729271 348.218977
0.739261 347.739481
0.749251 347.264749
0.759241 346.794735
0.769231 346.329390
0.779221 345.868670
0.789211 345.412527
0.799201 344.960916
0.809191 344.513792
0.819181 344.071111
0.829171 343.632828
0.839161 343.198899
0.849151 342.769282
0.859141 342.343933
0.869131 341.922810
0.879121 341.505872
0.889111 341.093075
0.899101 340.684379
0.909091 340.279744
0.919081 339.879129
0.929071 339.482494
0.939061 339.089799
0.949051 338.701005
0.959041 338.316074
0.969031 337.934966
0.979021 337.557645
0.989011 337.184071
0.999001 336.814209
1.008991 336.448021
1.018981 336.085470
1.028971 335.726521
1.038961 335.371137
1.048951 335.019283
1.058941 334.670924
1.068931 334.326026
1.078921 333.984553
1.088911 333.646471
1.098901 333.311748
1.108891 332.980349
1.118881 332.652242
1.128871 332.327393
1.138861 332.005771
1.148851 331.687343
1.158841 331.372077
1.168831 331.059942
1.178821 330.750907
1.188811 330.444941
1.198801 330.142013
1.208791 329.842094
1.218781 329.545152
1.228771 329.251160
1.238761 328.960086
1.248751 328.671903
1.258741 328.386581
1.268731 328.104093
1.278721 327.824409
1.288711 327.547502
1.298701 327.273344
1.308691 327.001908
1.318681 326.733167
1.328671 326.467094
1.338661 326.203662
1.348651 325.942846
1.358641 325.684618
1.368631 325.428954
1.378621 325.175828
1.388611 324.925214
1.398601 324.677088
1.408591 324.431425
1.418581 324.188200
1.428571 323.947388
1.438561 323.708967
1.448551 323.472912
1.458541 323.239200
1.468531 323.007807
1.478521 322.778710
1.488511 322.551886
1.498501 322.327313
1.508492 322.104968
1.518482 321.884830
1.528472 321.666875
1.538462 321.451083
1.548452 321.237432
1.558442 321.025900
1.568432 320.816467
1.578422 320.609111
1.588412 320.403812
1.598402 320.200549
1.608392 319.999302
1.618382 319.800051
1.628372 319.602776
1.638362 319.407458
1.648352 319.214076
1.658342 319.022612
1.668332 318.833047
1.678322 318.645361
1.688312 318.459535
1.698302 318.275553
1.708292 318.093394
1.718282 317.913040
1.728272 317.734475
1.738262 317.557679
1.748252 317.382636
1.758242 317.209327
1.768232 317.037736
1.778222 316.867845
1.788212 316.699638
1.798202 316.533097
1.808192 316.368206
1.818182 316.204949
1.828172 316.043309
1.838162 315.883271
1.848152 315.724817
1.858142 315.567933
1.868132 315.412602
1.878122 315.258810
1.888112 315.106540
1.898102 314.955778
1.908092 314.806509
1.918082 314.658718
1.928072 314.512389
1.938062 314.367508
1.948052 314.224062
1.958042 314.082035
1.968032 313.941414
1.978022 313.802183
1.988012 313.664331
1.998002 313.527842
2.007992 313.392703
2.017982 313.258901
2.027972 313.126422
2.037962 312.995253
2.047952 312.865380
2.057942 312.736792
2.067932 312.609475
2.077922 312.483417
2.087912 312.358604
2.097902 312.235025
2.107892 312.112666
2.117882 311.991517
2.127872 311.871564
2.137862 311.752796
2.147852 311.635201
2.157842 311.518768
2.167832 311.403483
2.177822 311.289337
2.187812 311.176318
2.197802 311.064414
2.207792 310.953614
2.217782 310.843908
2.227772 310.735283
2.237762 310.627730
2.247752 310.521238
2.257742 310.415795
2.267732 310.311393
2.277722 310.208019
2.287712 310.105664
2.297702 310.004317
2.307692 309.903969
2.317682 309.804610
2.327672 309.706229
2.337662 309.608816
2.347652 309.512363
2.357642 309.416859
2.367632 309.322294
2.377622 309.228660
2.387612 309.135948
2.397602 309.044146
2.407592 308.953248
2.417582 308.863243
2.427572 308.774122
2.437562 308.685878
2.447552 308.598500
2.457542 308.511980
2.467532 308.426310
2.477522 308.341480
2.487512 308.257483
2.497502 308.174311
2.507493 308.091954
2.517483 308.010404
2.527473 307.929654
2.537463 307.849696
2.547453 307.770521
2.557443 307.692121
2.567433 307.614489
2.577423 307.537617
2.587413 307.461497
2.597403 307.386122
2.607393 307.311484
2.617383 307.237576
2.627373 307.164390
2.637363 307.091919
2.647353 307.020155
2.657343 306.949093
2.667333 306.878724
2.677323 306.809041
2.687313 306.740038
2.697303 306.671708
2.707293 306.604043
2.717283 306.537038
2.727273 306.470685
2.737263 306.404977
2.747253 306.339909
2.757243 306.275474
2.767233 306.211665
2.777223 306.148476
2.787213 306.085900
2.797203 306.023932
2.807193 305.962565
2.817183 305.901793
2.827173 305.841610
2.837163 305.782010
2.847153 305.722988
2.857143 305.664536
2.867133 305.606650
2.877123 305.549323
2.887113 305.492550
2.897103 305.436325
2.907093 305.380643
2.917083 305.325497
2.927073 305.270884
2.937063 305.216796
2.947053 305.163229
2.957043 305.110177
2.967033 305.057635
2.977023 305.005598
2.987013 304.954060
2.997003 304.903017
3.006993 304.852464
3.016983 304.802394
3.026973 304.752804
3.036963 304.703688
3.046953 304.655041
3.056943 304.606859
3.066933 304.559137
3.076923 304.511870
3.086913 304.465053
3.096903 304.418682
3.106893 304.372752
3.116883 304.327258
3.126873 304.282196
3.136863 304.237561
3.146853 304.193350
3.156843 304.149557
3.166833 304.106178
3.176823 304.063208
3.186813 304.020644
3.196803 303.978482
3.206793 303.936716
3.216783 303.895344
3.226773 303.854360
3.236763 303.813761
3.246753 303.773542
3.256743 303.733700
3.266733 303.694231
3.276723 303.655131
3.286713 303.616395
3.296703 303.578020
3.306693 303.540002
3.316683 303.502337
3.326673 303.465022
3.336663 303.428053
3.346653 303.391426
3.356643 303.355138
3.366633 303.319184
3.376623 303.283561
3.386613 303.248266
3.396603 303.213296
3.406593 303.178646
3.416583 303.144313
3.426573 303.110294
3.436563 303.076586
3.446553 303.043184
3.456543 303.010086
3.466533 302.977289
3.476523 302.944789
3.486513 302.912583
3.496503 302.880667
3.506494 302.849039
3.516484 302.817695
3.526474 302.786632
3.536464 302.755848
3.546454 302.725338
3.556444 302.695101
3.566434 302.665132
3.576424 302.635430
3.586414 302.605990
3.596404 302.576811
3.606394 302.547889
3.616384 302.519221
3.626374 302.490804
3.636364 302.462636
3.646354 302.434714
3.656344 302.407035
3.666334 302.379596
3.676324 302.352394
3.686314 302.325428
3.696304 302.298693
3.706294 302.272188
3.716284 302.245909
3.726274 302.219855
3.736264 302.194022
3.746254 302.168408
3.756244 302.143011
3.766234 302.117827
3.776224 302.092855
3.786214 302.068092
3.796204 302.043535
3.806194 302.019182
3.816184 301.995030
3.826174 301.971078
3.836164 301.947322
3.846154 301.923761
3.856144 301.900391
3.866134 301.877212
3.876124 301.854219
3.886114 301.831412
3.896104 301.808788
3.906094 301.786344
3.916084 301.764078
3.926074 301.741988
3.936064 301.720073
3.946054 301.698329
3.956044 301.676754
3.966034 301.655347
3.976024 301.634104
3.986014 301.613025
3.996004 301.592107
4.005994 301.571348
4.015984 301.550746
4.025974 301.530298
4.035964 301.510004
4.045954 301.489860
4.055944 301.469864
4.065934 301.450015
4.075924 301.430311
4.085914 301.410750
4.095904 301.391330
4.105894 301.372048
4.115884 301.352903
4.125874 301.333894
4.135864 301.315017
4.145854 301.296272
4.155844 301.277656
4.165834 301.259167
4.175824 301.240804
4.185814 301.222566
4.195804 301.204449
4.205794 301.186452
4.215784 301.168574
4.225774 301.150812
4.235764 301.133165
4.245754 301.115631
4.255744 301.098209
4.265734 301.080896
4.275724 301.063691
4.285714 301.046592
4.295704 301.029598
4.305694 301.012706
4.315684 300.995916
4.325674 300.979225
4.335664 300.962631
4.345654 300.946134
4.355644 300.929731
4.365634 300.913421
4.375624 300.897202
4.385614 300.881073
4.395604 300.865031
4.405594 300.849076
4.415584 300.833206
4.425574 300.817418
4.435564 300.801713
4.445554 300.786087
4.455544 300.770540
4.465534 300.755070
4.475524 300.739675
4.485514 300.724353
4.495504 300.709105
4.505495 300.693927
4.515485 300.678818
4.525475 300.663777
4.535465 300.648802
4.545455 300.633892
4.555445 300.619045
4.565435 300.604260
4.575425 300.589535
4.585415 300.574869
4.595405 300.560261
4.605395 300.545708
4.615385 300.531210
4.625375 300.516765
4.635365 300.502371
4.645355 300.488028
4.655345 300.473733
4.665335 300.459486
4.675325 300.445284
4.685315 300.431127
4.695305 300.417013
4.705295 300.402940
4.715285 300.388908
4.725275 300.374915
4.735265 300.360959
4.745255 300.347039
4.755245 300.333153
4.765235 300.319301
4.775225 300.305481
4.785215 300.291691
4.795205 300.277930
4.805195 300.264197
4.815185 300.250491
4.825175 300.236809
4.835165 300.223151
4.845155 300.209516
4.855145 300.195901
4.865135 300.182306
4.875125 300.168729
4.885115 300.155168
4.895105 300.141624
4.905095 300.128093
4.915085 300.114575
4.925075 300.101069
4.935065 300.087573
4.945055 300.074085
4.955045 300.060605
4.965035 300.047131
4.975025 300.033662
4.985015 300.020196
4.995005 300.006732
5.004995 299.993268
5.014985 299.979804
5.024975 299.966338
5.034965 299.952869
5.044955 299.939395
5.054945 299.925915
5.064935 299.912427
5.074925 299.898931
5.084915 299.885425
5.094905 299.871907
5.104895 299.858376
5.114885 299.844832
5.124875 299.831271
5.134865 299.817694
5.144855 299.804099
5.154845 299.790484
5.164835 299.776849
5.174825 299.763191
5.184815 299.749509
5.194805 299.735803
5.204795 299.722070
5.214785 299.708309
5.224775 299.694519
5.234765 299.680699
5.244755 299.666847
5.254745 299.652961
5.264735 299.639041
5.274725 299.625085
5.284715 299.611092
5.294705 299.597060
5.304695 299.582987
5.314685 299.568873
5.324675 299.554716
5.334665 299.540514
5.344655 299.526267
5.354645 299.511972
5.364635 299.497629
5.374625 299.483235
5.384615 299.468790
5.394605 299.454292
5.404595 299.439739
5.414585 299.425131
5.424575 299.410465
5.434565 299.395740
5.444555 299.380955
5.454545 299.366108
5.464535 299.351198
5.474525 299.336223
5.484515 299.321182
5.494505 299.306073
5.504496 299.290895
5.514486 299.275647
5.524476 299.260325
5.534466 299.244930
5.544456 299.229460
5.554446 299.213913
5.564436 299.198287
5.574426 299.182582
5.584416 299.166794
5.594406 299.150924
5.604396 299.134969
5.614386 299.118927
5.624376 299.102798
5.634366 299.086579
5.644356 299.070269
5.654346 299.053866
5.664336 299.037369
5.674326 299.020775
5.684316 299.004084
5.694306 298.987294
5.704296 298.970402
5.714286 298.953408
5.724276 298.936309
5.734266 298.919104
5.744256 298.901791
5.754246 298.884369
5.764236 298.866835
5.774226 298.849188
5.784216 298.831426
5.794206 298.813548
5.804196 298.795551
5.814186 298.777434
5.824176 298.759196
5.834166 298.740833
5.844156 298.722344
5.854146 298.703728
5.864136 298.684983
5.874126 298.666106
5.884116 298.647097
5.894106 298.627952
5.904096 298.608670
5.914086 298.589250
5.924076 298.569689
5.934066 298.549985
5.944056 298.530136
5.954046 298.510140
5.964036 298.489996
5.974026 298.469702
5.984016 298.449254
5.994006 298.428652
6.003996 298.407893
6.013986 298.386975
6.023976 298.365896
6.033966 298.344653
6.043956 298.323246
6.053946 298.301671
6.063936 298.279927
6.073926 298.258012
6.083916 298.235922
6.093906 298.213656
6.103896 298.191212
6.113886 298.168588
6.123876 298.145781
6.133866 298.122788
6.143856 298.099609
6.153846 298.076239
6.163836 298.052678
6.173826 298.028922
6.183816 298.004970
6.193806 297.980818
6.203796 297.956465
6.213786 297.931908
6.223776 297.907145
6.233766 297.882173
6.243756 297.856989
6.253746 297.831592
6.263736 297.805978
6.273726 297.780145
6.283716 297.754091
6.293706 297.727812
6.303696 297.701307
6.313686 297.674572
6.323676 297.647606
6.333666 297.620404
6.343656 297.592965
6.353646 297.565286
6.363636 297.537364
6.373626 297.509196
6.383616 297.480779
6.393606 297.452111
6.403596 297.423189
6.413586 297.394010
6.423576 297.364570
6.433566 297.334868
6.443556 297.304899
6.453546 297.274662
6.463536 297.244152
6.473526 297.213368
6.483516 297.182305
6.493506 297.150961
6.503497 297.119333
6.513487 297.087417
6.523477 297.055211
6.533467 297.022711
6.543457 296.989914
6.553447 296.956816
6.563437 296.923414
6.573427 296.889706
6.583417 296.855687
6.593407 296.821354
6.603397 296.786704
6.613387 296.751734
6.623377 296.716439
6.633367 296.680816
6.643357 296.644862
6.653347 296.608574
6.663337 296.571947
6.673327 296.534978
6.683317 296.497663
6.693307 296.459998
6.703297 296.421980
6.713287 296.383605
6.723277 296.344869
6.733267 296.305769
6.743257 296.266300
6.753247 296.226458
6.763237 296.186239
6.773227 296.145640
6.783217 296.104656
6.793207 296.063284
6.803197 296.021518
6.813187 295.979356
6.823177 295.936792
6.833167 295.893822
6.843157 295.850443
6.853147 295.806650
6.863137 295.762439
6.873127 295.717804
6.883117 295.672742
6.893107 295.627248
6.903097 295.581318
6.913087 295.534947
6.923077 295.488130
6.933067 295.440863
6.943057 295.393141
6.953047 295.344959
6.963037 295.296312
6.973027 295.247196
6.983017 295.197606
6.993007 295.147536
7.002997 295.096983
7.012987 295.045940
7.022977 294.994402
7.032967 294.942365
7.042957 294.889823
7.052947 294.836771
7.062937 294.783204
7.072927 294.729116
7.082917 294.674503
7.092907 294.619357
7.102897 294.563675
7.112887 294.507450
7.122877 294.450677
7.132867 294.393350
7.142857 294.335464
7.152847 294.277012
7.162837 294.217990
7.172827 294.158390
7.182817 294.098207
7.192807 294.037435
7.202797 293.976068
7.212787 293.914100
7.222777 293.851524
7.232767 293.788335
7.242757 293.724526
7.252747 293.660091
7.262737 293.595023
7.272727 293.529315
7.282717 293.462962
7.292707 293.395957
7.302697 293.328292
7.312687 293.259962
7.322677 293.190959
7.332667 293.121276
7.342657 293.050907
7.352647 292.979845
7.362637 292.908081
7.372627 292.835610
7.382617 292.762424
7.392607 292.688516
7.402597 292.613878
7.412587 292.538503
7.422577 292.462383
7.432567 292.385511
7.442557 292.307879
7.452547 292.229479
7.462537 292.150304
7.472527 292.070346
7.482517 291.989596
7.492507 291.908046
7.502498 291.825689
7.512488 291.742517
7.522478 291.658520
7.532468 291.573690
7.542458 291.488020
7.552448 291.401500
7.562438 291.314122
7.572428 291.225878
7.582418 291.136757
7.592408 291.046752
7.602398 290.955854
7.612388 290.864052
7.622378 290.771340
7.632368 290.677706
7.642358 290.583141
7.652348 290.487637
7.662338 290.391184
7.672328 290.293771
7.682318 290.195390
7.692308 290.096031
7.702298 289.995683
7.712288 289.894336
7.722278 289.791981
7.732268 289.688607
7.742258 289.584205
7.752248 289.478762
7.762238 289.372270
7.772228 289.264717
7.782218 289.156092
7.792208 289.046386
7.802198 288.935586
7.812188 288.823682
7.822178 288.710663
7.832168 288.596517
7.842158 288.481232
7.852148 288.364799
7.862138 288.247204
7.872128 288.128436
7.882118 288.008483
7.892108 287.887334
7.902098 287.764975
7.912088 287.641396
7.922078 287.516583
7.932068 287.390525
7.942058 287.263208
7.952048 287.134620
7.962038 287.004747
7.972028 286.873578
7.982018 286.741099
7.992008 286.607297
8.001998 286.472158
8.011988 286.335669
8.021978 286.197817
8.031968 286.058586
8.041958 285.917965
8.051948 285.775938
8.061938 285.632492
8.071928 285.487611
8.081918 285.341282
8.091908 285.193491
8.101898 285.044222
8.111888 284.893460
8.121878 284.741190
8.131868 284.587398
8.141858 284.432067
8.151848 284.275183
8.161838 284.116729
8.171828 283.956691
8.181818 283.795051
8.191808 283.631794
8.201798 283.466903
8.211788 283.300362
8.221778 283.132155
8.231768 282.962264
8.241758 282.790673
8.251748 282.617364
8.261738 282.442321
8.271728 282.265525
8.281718 282.086960
8.291708 281.906606
8.301698 281.724447
8.311688 281.540465
8.321678 281.354639
8.331668 281.166953
8.341658 280.977388
8.351648 280.785924
8.361638 280.592542
8.371628 280.397224
8.381618 280.199949
8.391608 280.000698
8.401598 279.799451
8.411588 279.596188
8.421578 279.390889
8.431568 279.183533
8.441558 278.974100
8.451548 278.762568
8.461538 278.548917
8.471528 278.333125
8.481518 278.115170
8.491508 277.895032
8.501499 277.672687
8.511489 277.448114
8.521479 277.221290
8.531469 276.992193
8.541459 276.760800
8.551449 276.527088
8.561439 276.291033
8.571429 276.052612
8.581419 275.811800
8.591409 275.568575
8.601399 275.322912
8.611389 275.074786
8.621379 274.824172
8.631369 274.571046
8.641359 274.315382
8.651349 274.057154
8.661339 273.796338
8.671329 273.532906
8.681319 273.266833
8.691309 272.998092
8.701299 272.726656
8.711289 272.452498
8.721279 272.175591
8.731269 271.895907
8.741259 271.613419
8.751249 271.328097
8.761239 271.039914
8.771229 270.748840
8.781219 270.454848
8.791209 270.157906
8.801199 269.857987
8.811189 269.555059
8.821179 269.249093
8.831169 268.940058
8.841159 268.627923
8.851149 268.312657
8.861139 267.994229
8.871129 267.672607
8.881119 267.347758
8.891109 267.019651
8.901099 266.688252
8.911089 266.353529
8.921079 266.015447
8.931069 265.673974
8.941059 265.329076
8.951049 264.980717
8.961039 264.628863
8.971029 264.273479
8.981019 263.914530
8.991009 263.551979
9.000999 263.185791
9.010989 262.815929
9.020979 262.442355
9.030969 262.065034
9.040959 261.683926
9.050949 261.298995
9.060939 260.910201
9.070929 260.517506
9.080919 260.120871
9.090909 259.720256
9.100899 259.315621
9.110889 258.906925
9.120879 258.494128
9.130869 258.077190
9.140859 257.656067
9.150849 257.230718
9.160839 256.801101
9.170829 256.367172
9.180819 255.928889
9.190809 255.486208
9.200799 255.039084
9.210789 254.587473
9.220779 254.131330
9.230769 253.670610
9.240759 253.205265
9.250749 252.735251
9.260739 252.260519
9.270729 251.781023
9.280719 251.296715
9.290709 250.807546
9.300699 250.313467
9.310689 249.814430
9.320679 249.310385
9.330669 248.801280
9.340659 248.287066
9.350649 247.767691
9.360639 247.243103
9.370629 246.713250
9.380619 246.178079
9.390609 245.637537
9.400599 245.091569
9.410589 244.540121
9.420579 243.983138
9.430569 243.420565
9.440559 242.852345
9.450549 242.278422
9.460539 241.698738
9.470529 241.113236
9.480519 240.521857
9.490509 239.924542
9.500500 239.321231
9.510490 238.711865
9.520480 238.096382
9.530470 237.474721
9.540460 236.846819
9.550450 236.212616
9.560440 235.572046
9.570430 234.925046
9.580420 234.271552
9.590410 233.611498
9.600400 232.944819
9.610390 232.271447
9.620380 231.591316
9.630370 230.904358
9.640360 230.210504
9.650350 229.509685
9.660340 228.801831
9.670330 228.086872
9.680320 227.364735
9.690310 226.635350
9.700300 225.898642
9.710290 225.154540
9.720280 224.402967
9.730270 223.643851
9.740260 222.877113
9.750250 222.102679
9.760240 221.320471
9.770230 220.530411
9.780220 219.732419
9.790210 218.926417
9.800200 218.112323
9.810190 217.290057
9.820180 216.459537
9.830170 215.620679
9.840160 214.773400
9.850150 213.917616
9.860140 213.053240
9.870130 212.180188
9.880120 211.298370
9.890110 210.407701
9.900100 209.508089
9.910090 208.599447
9.920080 207.681683
9.930070 206.754706
9.940060 205.818423
9.950050 204.872740
9.960040 203.917564
9.970030 202.952798
9.980020 201.978348
9.990010 200.994114
10.000000 200.000000
