0.000000  3.000000
0.083333  3.268931
0.166667  3.496922
0.250000  3.688413
0.333333  3.847394
0.416667  3.977444
0.500000  4.081779
0.583333  4.163285
0.666667  4.224549
0.750000  4.267895
0.833333  4.295406
0.916667  4.308949
1.000000  4.310198
1.083333  4.300653
1.166667  4.281656
1.250000  4.254409
1.333333  4.219988
1.416667  4.179355
1.500000  4.133369
1.583333  4.082799
1.666667  4.028328
1.750000  3.970569
1.833333  3.910066
1.916667  3.847304
2.000000  3.782714
2.083333  3.716678
2.166667  3.649537
2.250000  3.581591
2.333333  3.513107
2.416667  3.444319
2.500000  3.375434
2.583333  3.306635
2.666667  3.238080
2.750000  3.169909
2.833333  3.102243
2.916667  3.035189
3.000000  2.968835
3.083333  2.903262
3.166667  2.838535
3.250000  2.774710
3.333333  2.711835
3.416667  2.649950
3.500000  2.589085
3.583333  2.529267
3.666667  2.470515
3.750000  2.412844
3.833333  2.356265
3.916667  2.300782
4.000000  2.246401
4.083333  2.193119
4.166667  2.140935
4.250000  2.089843
4.333333  2.039836
4.416667  1.990904
4.500000  1.943037
4.583333  1.896223
4.666667  1.850449
4.750000  1.805701
4.833333  1.761963
4.916667  1.719221
5.000000  1.677458
5.083333  1.636658
5.166667  1.596804
5.250000  1.557878
5.333333  1.519863
5.416667  1.482742
5.500000  1.446497
5.583333  1.411110
5.666667  1.376564
5.750000  1.342842
5.833333  1.309926
5.916667  1.277799
6.000000  1.246443
6.083333  1.215843
6.166667  1.185980
6.250000  1.156839
6.333333  1.128404
6.416667  1.100657
6.500000  1.073585
6.583333  1.047171
6.666667  1.021399
6.750000  0.996256
6.833333  0.971725
6.916667  0.947794
7.000000  0.924448
7.083333  0.901672
7.166667  0.879454
7.250000  0.857780
7.333333  0.836637
7.416667  0.816013
7.500000  0.795894
7.583333  0.776270
7.666667  0.757127
7.750000  0.738455
7.833333  0.720241
7.916667  0.702476
8.000000  0.685147
8.083333  0.668244
8.166667  0.651758
8.250000  0.635677
8.333333  0.619992
8.416667  0.604694
8.500000  0.589772
8.583333  0.575218
8.666667  0.561022
8.750000  0.547177
8.833333  0.533672
8.916667  0.520501
9.000000  0.507654
9.083333  0.495124
9.166667  0.482903
9.250000  0.470983
9.333333  0.459357
9.416667  0.448018
9.500000  0.436959
9.583333  0.426172
9.666667  0.415652
9.750000  0.405391
9.833333  0.395384
9.916667  0.385623
10.000000  0.376103
10.083333  0.366818
10.166667  0.357762
10.250000  0.348930
10.333333  0.340316
10.416667  0.331914
10.500000  0.323720
10.583333  0.315728
10.666667  0.307933
10.750000  0.300330
10.833333  0.292916
10.916667  0.285684
11.000000  0.278631
11.083333  0.271752
11.166667  0.265042
11.250000  0.258499
11.333333  0.252117
11.416667  0.245892
11.500000  0.239821
11.583333  0.233900
11.666667  0.228125
11.750000  0.222493
11.833333  0.217000
11.916667  0.211642
12.000000  0.206417
12.083333  0.201320
12.166667  0.196350
12.250000  0.191502
12.333333  0.186774
12.416667  0.182162
12.500000  0.177665
12.583333  0.173278
12.666667  0.169000
12.750000  0.164828
12.833333  0.160758
12.916667  0.156789
13.000000  0.152918
13.083333  0.149142
13.166667  0.145460
13.250000  0.141869
13.333333  0.138366
13.416667  0.134950
13.500000  0.131618
13.583333  0.128368
13.666667  0.125199
13.750000  0.122107
13.833333  0.119093
13.916667  0.116152
14.000000  0.113284
14.083333  0.110487
14.166667  0.107759
14.250000  0.105099
14.333333  0.102504
14.416667  0.099973
14.500000  0.097505
14.583333  0.095097
14.666667  0.092749
14.750000  0.090459
14.833333  0.088226
14.916667  0.086048
15.000000  0.083923
15.083333  0.081851
15.166667  0.079830
15.250000  0.077859
15.333333  0.075937
15.416667  0.074062
15.500000  0.072233
15.583333  0.070450
15.666667  0.068711
15.750000  0.067014
15.833333  0.065359
15.916667  0.063746
16.000000  0.062172
16.083333  0.060637
16.166667  0.059140
16.250000  0.057680
16.333333  0.056255
16.416667  0.054866
16.500000  0.053512
16.583333  0.052191
16.666667  0.050902
16.750000  0.049645
16.833333  0.048419
16.916667  0.047224
17.000000  0.046058
17.083333  0.044921
17.166667  0.043812
17.250000  0.042730
17.333333  0.041675
17.416667  0.040646
17.500000  0.039643
17.583333  0.038664
17.666667  0.037709
17.750000  0.036778
17.833333  0.035870
17.916667  0.034984
18.000000  0.034121
18.083333  0.033278
18.166667  0.032457
18.250000  0.031655
18.333333  0.030874
18.416667  0.030111
18.500000  0.029368
18.583333  0.028643
18.666667  0.027936
18.750000  0.027246
18.833333  0.026573
18.916667  0.025917
19.000000  0.025277
19.083333  0.024653
19.166667  0.024044
19.250000  0.023451
19.333333  0.022872
19.416667  0.022307
19.500000  0.021756
19.583333  0.021219
19.666667  0.020695
19.750000  0.020184
19.833333  0.019686
19.916667  0.019200
20.000000  0.018726
20.083333  0.018263
20.166667  0.017813
20.250000  0.017373
20.333333  0.016944
20.416667  0.016525
20.500000  0.016117
20.583333  0.015720
20.666667  0.015331
20.750000  0.014953
20.833333  0.014584
20.916667  0.014224
21.000000  0.013872
21.083333  0.013530
21.166667  0.013196
21.250000  0.012870
21.333333  0.012552
21.416667  0.012242
21.500000  0.011940
21.583333  0.011645
21.666667  0.011358
21.750000  0.011077
21.833333  0.010804
21.916667  0.010537
22.000000  0.010277
22.083333  0.010023
22.166667  0.009776
22.250000  0.009534
22.333333  0.009299
22.416667  0.009069
22.500000  0.008845
22.583333  0.008627
22.666667  0.008414
22.750000  0.008206
22.833333  0.008004
22.916667  0.007806
23.000000  0.007613
23.083333  0.007425
23.166667  0.007242
23.250000  0.007063
23.333333  0.006889
23.416667  0.006719
23.500000  0.006553
23.583333  0.006391
23.666667  0.006233
23.750000  0.006079
23.833333  0.005929
23.916667  0.005783
24.000000  0.005640
24.083333  0.005501
24.166667  0.005365
24.250000  0.005233
24.333333  0.005103
24.416667  0.004977
24.500000  0.004854
24.583333  0.004735
24.666667  0.004618
24.750000  0.004504
24.833333  0.004393
24.916667  0.004284
25.000000  0.004178
25.083333  0.004075
25.166667  0.003975
25.250000  0.003876
25.333333  0.003781
25.416667  0.003687
25.500000  0.003596
25.583333  0.003507
25.666667  0.003421
25.750000  0.003336
25.833333  0.003254
25.916667  0.003174
26.000000  0.003095
26.083333  0.003019
26.166667  0.002944
26.250000  0.002872
26.333333  0.002801
26.416667  0.002732
26.500000  0.002664
26.583333  0.002598
26.666667  0.002534
26.750000  0.002472
26.833333  0.002411
26.916667  0.002351
27.000000  0.002293
27.083333  0.002236
27.166667  0.002181
27.250000  0.002127
27.333333  0.002075
27.416667  0.002024
27.500000  0.001974
27.583333  0.001925
27.666667  0.001877
27.750000  0.001831
27.833333  0.001786
27.916667  0.001742
28.000000  0.001699
28.083333  0.001657
28.166667  0.001616
28.250000  0.001576
28.333333  0.001537
28.416667  0.001499
28.500000  0.001462
28.583333  0.001426
28.666667  0.001391
28.750000  0.001356
28.833333  0.001323
28.916667  0.001290
29.000000  0.001258
29.083333  0.001227
29.166667  0.001197
29.250000  0.001168
29.333333  0.001139
29.416667  0.001111
29.500000  0.001083
29.583333  0.001056
29.666667  0.001030
29.750000  0.001005
29.833333  0.000980
29.916667  0.000956
30.000000  0.000932
30.083333  0.000909
30.166667  0.000887
30.250000  0.000865
30.333333  0.000844
30.416667  0.000823
30.500000  0.000802
30.583333  0.000783
30.666667  0.000763
30.750000  0.000744
30.833333  0.000726
30.916667  0.000708
31.000000  0.000691
31.083333  0.000674
31.166667  0.000657
31.250000  0.000641
31.333333  0.000625
31.416667  0.000610
31.500000  0.000594
31.583333  0.000580
31.666667  0.000565
31.750000  0.000552
31.833333  0.000538
31.916667  0.000525
32.000000  0.000512
32.083333  0.000499
32.166667  0.000487
32.250000  0.000475
32.333333  0.000463
32.416667  0.000452
32.500000  0.000440
32.583333  0.000430
32.666667  0.000419
32.750000  0.000409
32.833333  0.000398
32.916667  0.000389
33.000000  0.000379
33.083333  0.000370
33.166667  0.000361
33.250000  0.000352
33.333333  0.000343
33.416667  0.000335
33.500000  0.000326
33.583333  0.000318
33.666667  0.000310
33.750000  0.000303
33.833333  0.000295
33.916667  0.000288
34.000000  0.000281
34.083333  0.000274
34.166667  0.000267
34.250000  0.000261
34.333333  0.000254
34.416667  0.000248
34.500000  0.000242
34.583333  0.000236
34.666667  0.000230
34.750000  0.000224
34.833333  0.000219
34.916667  0.000213
35.000000  0.000208
35.083333  0.000203
35.166667  0.000198
35.250000  0.000193
35.333333  0.000188
35.416667  0.000184
35.500000  0.000179
35.583333  0.000175
35.666667  0.000170
35.750000  0.000166
35.833333  0.000162
35.916667  0.000158
36.000000  0.000154
36.083333  0.000150
36.166667  0.000147
36.250000  0.000143
36.333333  0.000139
36.416667  0.000136
36.500000  0.000133
36.583333  0.000129
36.666667  0.000126
36.750000  0.000123
36.833333  0.000120
36.916667  0.000117
37.000000  0.000114
37.083333  0.000111
37.166667  0.000109
37.250000  0.000106
37.333333  0.000103
37.416667  0.000101
37.500000  0.000098
37.583333  0.000096
37.666667  0.000093
37.750000  0.000091
37.833333  0.000089
37.916667  0.000087
38.000000  0.000085
38.083333  0.000082
38.166667  0.000080
38.250000  0.000078
38.333333  0.000077
38.416667  0.000075
38.500000  0.000073
38.583333  0.000071
38.666667  0.000069
38.750000  0.000068
38.833333  0.000066
38.916667  0.000064
39.000000  0.000063
39.083333  0.000061
39.166667  0.000060
39.250000  0.000058
39.333333  0.000057
39.416667  0.000055
39.500000  0.000054
39.583333  0.000053
39.666667  0.000051
39.750000  0.000050
39.833333  0.000049
39.916667  0.000048
40.000000  0.000046
40.083333  0.000045
40.166667  0.000044
40.250000  0.000043
40.333333  0.000042
40.416667  0.000041
40.500000  0.000040
40.583333  0.000039
40.666667  0.000038
40.750000  0.000037
40.833333  0.000036
40.916667  0.000035
41.000000  0.000034
41.083333  0.000034
41.166667  0.000033
41.250000  0.000032
41.333333  0.000031
41.416667  0.000030
41.500000  0.000030
41.583333  0.000029
41.666667  0.000028
41.750000  0.000027
41.833333  0.000027
41.916667  0.000026
42.000000  0.000025
42.083333  0.000025
42.166667  0.000024
42.250000  0.000024
42.333333  0.000023
42.416667  0.000022
42.500000  0.000022
42.583333  0.000021
42.666667  0.000021
42.750000  0.000020
42.833333  0.000020
42.916667  0.000019
43.000000  0.000019
43.083333  0.000018
43.166667  0.000018
43.250000  0.000018
43.333333  0.000017
43.416667  0.000017
43.500000  0.000016
43.583333  0.000016
43.666667  0.000015
43.750000  0.000015
43.833333  0.000015
43.916667  0.000014
44.000000  0.000014
44.083333  0.000014
44.166667  0.000013
44.250000  0.000013
44.333333  0.000013
44.416667  0.000012
44.500000  0.000012
44.583333  0.000012
44.666667  0.000011
44.750000  0.000011
44.833333  0.000011
44.916667  0.000011
45.000000  0.000010
45.083333  0.000010
45.166667  0.000010
45.250000  0.000010
45.333333  0.000009
45.416667  0.000009
45.500000  0.000009
45.583333  0.000009
45.666667  0.000008
45.750000  0.000008
45.833333  0.000008
45.916667  0.000008
46.000000  0.000008
46.083333  0.000007
46.166667  0.000007
46.250000  0.000007
46.333333  0.000007
46.416667  0.000007
46.500000  0.000007
46.583333  0.000006
46.666667  0.000006
46.750000  0.000006
46.833333  0.000006
46.916667  0.000006
47.000000  0.000006
47.083333  0.000006
47.166667  0.000005
47.250000  0.000005
47.333333  0.000005
47.416667  0.000005
47.500000  0.000005
47.583333  0.000005
47.666667  0.000005
47.750000  0.000005
47.833333  0.000004
47.916667  0.000004
48.000000  0.000004
48.083333  0.000004
48.166667  0.000004
48.250000  0.000004
48.333333  0.000004
48.416667  0.000004
48.500000  0.000004
48.583333  0.000004
48.666667  0.000003
48.750000  0.000003
48.833333  0.000003
48.916667  0.000003
49.000000  0.000003
49.083333  0.000003
49.166667  0.000003
49.250000  0.000003
49.333333  0.000003
49.416667  0.000003
49.500000  0.000003
49.583333  0.000003
49.666667  0.000003
49.750000  0.000002
49.833333  0.000002
49.916667  0.000002
50.000000  0.000002
50.083333  0.000002
50.166667  0.000002
50.250000  0.000002
50.333333  0.000002
50.416667  0.000002
50.500000  0.000002
50.583333  0.000002
50.666667  0.000002
50.750000  0.000002
50.833333  0.000002
50.916667  0.000002
51.000000  0.000002
51.083333  0.000002
51.166667  0.000002
51.250000  0.000002
51.333333  0.000002
51.416667  0.000002
51.500000  0.000001
51.583333  0.000001
51.666667  0.000001
51.750000  0.000001
51.833333  0.000001
51.916667  0.000001
52.000000  0.000001
52.083333  0.000001
52.166667  0.000001
52.250000  0.000001
52.333333  0.000001
52.416667  0.000001
52.500000  0.000001
52.583333  0.000001
52.666667  0.000001
52.750000  0.000001
52.833333  0.000001
52.916667  0.000001
53.000000  0.000001
53.083333  0.000001
53.166667  0.000001
53.250000  0.000001
53.333333  0.000001
53.416667  0.000001
53.500000  0.000001
53.583333  0.000001
53.666667  0.000001
53.750000  0.000001
53.833333  0.000001
53.916667  0.000001
54.000000  0.000001
54.083333  0.000001
54.166667  0.000001
54.250000  0.000001
54.333333  0.000001
54.416667  0.000001
54.500000  0.000001
54.583333  0.000001
54.666667  0.000001
54.750000  0.000001
54.833333  0.000001
54.916667  0.000001
55.000000  0.000001
55.083333  0.000001
55.166667  0.000000
55.250000  0.000000
55.333333  0.000000
55.416667  0.000000
55.500000  0.000000
55.583333  0.000000
55.666667  0.000000
55.750000  0.000000
55.833333  0.000000
55.916667  0.000000
56.000000  0.000000
56.083333  0.000000
56.166667  0.000000
56.250000  0.000000
56.333333  0.000000
56.416667  0.000000
56.500000  0.000000
56.583333  0.000000
56.666667  0.000000
56.750000  0.000000
56.833333  0.000000
56.916667  0.000000
57.000000  0.000000
57.083333  0.000000
57.166667  0.000000
57.250000  0.000000
57.333333  0.000000
57.416667  0.000000
57.500000  0.000000
57.583333  0.000000
57.666667  0.000000
57.750000  0.000000
57.833333  0.000000
57.916667  0.000000
58.000000  0.000000
58.083333  0.000000
58.166667  0.000000
58.250000  0.000000
58.333333  0.000000
58.416667  0.000000
58.500000  0.000000
58.583333  0.000000
58.666667  0.000000
58.750000  0.000000
58.833333  0.000000
58.916667  0.000000
59.000000  0.000000
59.083333  0.000000
59.166667  0.000000
59.250000  0.000000
59.333333  0.000000
59.416667  0.000000
59.500000  0.000000
59.583333  0.000000
59.666667  0.000000
59.750000  0.000000
59.833333  0.000000
59.916667  0.000000
60.000000  0.000000
60.083333  0.000000
60.166667  0.000000
60.250000  0.000000
60.333333  0.000000
60.416667  0.000000
60.500000  0.000000
60.583333  0.000000
60.666667  0.000000
60.750000  0.000000
60.833333  0.000000
60.916667  0.000000
61.000000  0.000000
61.083333  0.000000
61.166667  0.000000
61.250000  0.000000
61.333333  0.000000
61.416667  0.000000
61.500000  0.000000
61.583333  0.000000
61.666667  0.000000
61.750000  0.000000
61.833333  0.000000
61.916667  0.000000
62.000000  0.000000
62.083333  0.000000
62.166667  0.000000
62.250000  0.000000
62.333333  0.000000
62.416667  0.000000
62.500000  0.000000
62.583333  0.000000
62.666667  0.000000
62.750000  0.000000
62.833333  0.000000
62.916667  0.000000
63.000000  0.000000
63.083333  0.000000
63.166667  0.000000
63.250000  0.000000
63.333333  0.000000
63.416667  0.000000
63.500000  0.000000
63.583333  0.000000
63.666667  0.000000
63.750000  0.000000
63.833333  0.000000
63.916667  0.000000
64.000000  0.000000
64.083333  0.000000
64.166667  0.000000
64.250000  0.000000
64.333333  0.000000
64.416667  0.000000
64.500000  0.000000
64.583333  0.000000
64.666667  0.000000
64.750000  0.000000
64.833333  0.000000
64.916667  0.000000
65.000000  0.000000
65.083333  0.000000
65.166667  0.000000
65.250000  0.000000
65.333333  0.000000
65.416667  0.000000
65.500000  0.000000
65.583333  0.000000
65.666667  0.000000
65.750000  0.000000
65.833333  0.000000
65.916667  0.000000
66.000000  0.000000
66.083333  0.000000
66.166667  0.000000
66.250000  0.000000
66.333333  0.000000
66.416667  0.000000
66.500000  0.000000
66.583333  0.000000
66.666667  0.000000
66.750000  0.000000
66.833333  0.000000
66.916667  0.000000
67.000000  0.000000
67.083333  0.000000
67.166667  0.000000
67.250000  0.000000
67.333333  0.000000
67.416667  0.000000
67.500000  0.000000
67.583333  0.000000
67.666667  0.000000
67.750000  0.000000
67.833333  0.000000
67.916667  0.000000
68.000000  0.000000
68.083333  0.000000
68.166667  0.000000
68.250000  0.000000
68.333333  0.000000
68.416667  0.000000
68.500000  0.000000
68.583333  0.000000
68.666667  0.000000
68.750000  0.000000
68.833333  0.000000
68.916667  0.000000
69.000000  0.000000
69.083333  0.000000
69.166667  0.000000
69.250000  0.000000
69.333333  0.000000
69.416667  0.000000
69.500000  0.000000
69.583333  0.000000
69.666667  0.000000
69.750000  0.000000
69.833333  0.000000
69.916667  0.000000
70.000000  0.000000
70.083333  0.000000
70.166667  0.000000
70.250000  0.000000
70.333333  0.000000
70.416667  0.000000
70.500000  0.000000
70.583333  0.000000
70.666667  0.000000
70.750000  0.000000
70.833333  0.000000
70.916667  0.000000
71.000000  0.000000
71.083333  0.000000
71.166667  0.000000
71.250000  0.000000
71.333333  0.000000
71.416667  0.000000
71.500000  0.000000
71.583333  0.000000
71.666667  0.000000
71.750000  0.000000
71.833333  0.000000
71.916667  0.000000
72.000000  0.000000
72.083333  0.000000
72.166667  0.000000
72.250000  0.000000
72.333333  0.000000
72.416667  0.000000
72.500000  0.000000
72.583333  0.000000
72.666667  0.000000
72.750000  0.000000
72.833333  0.000000
72.916667  0.000000
73.000000  0.000000
73.083333  0.000000
73.166667  0.000000
73.250000  0.000000
73.333333  0.000000
73.416667  0.000000
73.500000  0.000000
73.583333  0.000000
73.666667  0.000000
73.750000  0.000000
73.833333  0.000000
73.916667  0.000000
74.000000  0.000000
74.083333  0.000000
74.166667  0.000000
74.250000  0.000000
74.333333  0.000000
74.416667  0.000000
74.500000  0.000000
74.583333  0.000000
74.666667  0.000000
74.750000  0.000000
74.833333  0.000000
74.916667  0.000000
75.000000  0.000000
75.083333  0.000000
75.166667  0.000000
75.250000  0.000000
75.333333  0.000000
75.416667  0.000000
75.500000  0.000000
75.583333  0.000000
75.666667  0.000000
75.750000  0.000000
75.833333  0.000000
75.916667  0.000000
76.000000  0.000000
76.083333  0.000000
76.166667  0.000000
76.250000  0.000000
76.333333  0.000000
76.416667  0.000000
76.500000  0.000000
76.583333  0.000000
76.666667  0.000000
76.750000  0.000000
76.833333  0.000000
76.916667  0.000000
77.000000  0.000000
77.083333  0.000000
77.166667  0.000000
77.250000  0.000000
77.333333  0.000000
77.416667  0.000000
77.500000  0.000000
77.583333  0.000000
77.666667  0.000000
77.750000  0.000000
77.833333  0.000000
77.916667  0.000000
78.000000  0.000000
78.083333  0.000000
78.166667  0.000000
78.250000  0.000000
78.333333  0.000000
78.416667  0.000000
78.500000  0.000000
78.583333  0.000000
78.666667  0.000000
78.750000  0.000000
78.833333  0.000000
78.916667  0.000000
79.000000  0.000000
79.083333  0.000000
79.166667  0.000000
79.250000  0.000000
79.333333  0.000000
79.416667  0.000000
79.500000  0.000000
79.583333  0.000000
79.666667  0.000000
79.750000  0.000000
79.833333  0.000000
79.916667  0.000000
80.000000  0.000000
80.083333  0.000000
80.166667  0.000000
80.250000  0.000000
80.333333  0.000000
80.416667  0.000000
80.500000  0.000000
80.583333  0.000000
80.666667  0.000000
80.750000  0.000000
80.833333  0.000000
80.916667  0.000000
81.000000  0.000000
81.083333  0.000000
81.166667  0.000000
81.250000  0.000000
81.333333  0.000000
81.416667  0.000000
81.500000  0.000000
81.583333  0.000000
81.666667  0.000000
81.750000  0.000000
81.833333  0.000000
81.916667  0.000000
82.000000  0.000000
82.083333  0.000000
82.166667  0.000000
82.250000  0.000000
82.333333  0.000000
82.416667  0.000000
82.500000  0.000000
82.583333  0.000000
82.666667  0.000000
82.750000  0.000000
82.833333  0.000000
82.916667  0.000000
83.000000  0.000000
83.083333  0.000000
83.166667  0.000000
83.250000  0.000000
83.333333  0.000000
83.416667  0.000000
83.500000  0.000000
83.583333  0.000000
83.666667  0.000000
83.750000  0.000000
83.833333  0.000000
83.916667  0.000000
84.000000  0.000000
84.083333  0.000000
84.166667  0.000000
84.250000  0.000000
84.333333  0.000000
84.416667  0.000000
84.500000  0.000000
84.583333  0.000000
84.666667  0.000000
84.750000  0.000000
84.833333  0.000000
84.916667  0.000000
85.000000  0.000000
85.083333  0.000000
85.166667  0.000000
85.250000  0.000000
85.333333  0.000000
85.416667  0.000000
85.500000  0.000000
85.583333  0.000000
85.666667  0.000000
85.750000  0.000000
85.833333  0.000000
85.916667  0.000000
86.000000  0.000000
86.083333  0.000000
86.166667  0.000000
86.250000  0.000000
86.333333  0.000000
86.416667  0.000000
86.500000  0.000000
86.583333  0.000000
86.666667  0.000000
86.750000  0.000000
86.833333  0.000000
86.916667  0.000000
87.000000  0.000000
87.083333  0.000000
87.166667  0.000000
87.250000  0.000000
87.333333  0.000000
87.416667  0.000000
87.500000  0.000000
87.583333  0.000000
87.666667  0.000000
87.750000  0.000000
87.833333  0.000000
87.916667  0.000000
88.000000  0.000000
88.083333  0.000000
88.166667  0.000000
88.250000  0.000000
88.333333  0.000000
88.416667  0.000000
88.500000  0.000000
88.583333  0.000000
88.666667  0.000000
88.750000  0.000000
88.833333  0.000000
88.916667  0.000000
89.000000  0.000000
89.083333  0.000000
89.166667  0.000000
89.250000  0.000000
89.333333  0.000000
89.416667  0.000000
89.500000  0.000000
89.583333  0.000000
89.666667  0.000000
89.750000  0.000000
89.833333  0.000000
89.916667  0.000000
90.000000  0.000000
90.083333  0.000000
90.166667  0.000000
90.250000  0.000000
90.333333  0.000000
90.416667  0.000000
90.500000  0.000000
90.583333  0.000000
90.666667  0.000000
90.750000  0.000000
90.833333  0.000000
90.916667  0.000000
91.000000  0.000000
91.083333  0.000000
91.166667  0.000000
91.250000  0.000000
91.333333  0.000000
91.416667  0.000000
91.500000  0.000000
91.583333  0.000000
91.666667  0.000000
91.750000  0.000000
91.833333  0.000000
91.916667  0.000000
92.000000  0.000000
92.083333  0.000000
92.166667  0.000000
92.250000  0.000000
92.333333  0.000000
92.416667  0.000000
92.500000  0.000000
92.583333  0.000000
92.666667  0.000000
92.750000  0.000000
92.833333  0.000000
92.916667  0.000000
93.000000  0.000000
93.083333  0.000000
93.166667  0.000000
93.250000  0.000000
93.333333  0.000000
93.416667  0.000000
93.500000  0.000000
93.583333  0.000000
93.666667  0.000000
93.750000  0.000000
93.833333  0.000000
93.916667  0.000000
94.000000  0.000000
94.083333  0.000000
94.166667  0.000000
94.250000  0.000000
94.333333  0.000000
94.416667  0.000000
94.500000  0.000000
94.583333  0.000000
94.666667  0.000000
94.750000  0.000000
94.833333  0.000000
94.916667  0.000000
95.000000  0.000000
95.083333  0.000000
95.166667  0.000000
95.250000  0.000000
95.333333  0.000000
95.416667  0.000000
95.500000  0.000000
95.583333  0.000000
95.666667  0.000000
95.750000  0.000000
95.833333  0.000000
95.916667  0.000000
96.000000  0.000000
96.083333  0.000000
96.166667  0.000000
96.250000  0.000000
96.333333  0.000000
96.416667  0.000000
96.500000  0.000000
96.583333  0.000000
96.666667  0.000000
96.750000  0.000000
96.833333  0.000000
96.916667  0.000000
97.000000  0.000000
97.083333  0.000000
97.166667  0.000000
97.250000  0.000000
97.333333  0.000000
97.416667  0.000000
97.500000  0.000000
97.583333  0.000000
97.666667  0.000000
97.750000  0.000000
97.833333  0.000000
97.916667  0.000000
98.000000  0.000000
98.083333  0.000000
98.166667  0.000000
98.250000  0.000000
98.333333  0.000000
98.416667  0.000000
98.500000  0.000000
98.583333  0.000000
98.666667  0.000000
98.750000  0.000000
98.833333  0.000000
98.916667  0.000000
99.000000  0.000000
99.083333  0.000000
99.166667  0.000000
99.250000  0.000000
99.333333  0.000000
99.416667  0.000000
99.500000  0.000000
99.583333  0.000000
99.666667  0.000000
99.750000  0.000000
99.833333  0.000000
99.916667  0.000000
100.000000  0.000000
100.083333  0.000000
100.166667  0.000000
100.250000  0.000000
100.333333  0.000000
100.416667  0.000000
100.500000  0.000000
100.583333  0.000000
100.666667  0.000000
100.750000  0.000000
100.833333  0.000000
100.916667  0.000000
101.000000  0.000000
101.083333  0.000000
101.166667  0.000000
101.250000  0.000000
101.333333  0.000000
101.416667  0.000000
101.500000  0.000000
101.583333  0.000000
101.666667  0.000000
101.750000  0.000000
101.833333  0.000000
101.916667  0.000000
102.000000  0.000000
102.083333  0.000000
102.166667  0.000000
102.250000  0.000000
102.333333  0.000000
102.416667  0.000000
102.500000  0.000000
102.583333  0.000000
102.666667  0.000000
102.750000  0.000000
102.833333  0.000000
102.916667  0.000000
103.000000  0.000000
103.083333  0.000000
103.166667  0.000000
103.250000  0.000000
103.333333  0.000000
103.416667  0.000000
103.500000  0.000000
103.583333  0.000000
103.666667  0.000000
103.750000  0.000000
103.833333  0.000000
103.916667  0.000000
104.000000  0.000000
104.083333  0.000000
104.166667  0.000000
104.250000  0.000000
104.333333  0.000000
104.416667  0.000000
104.500000  0.000000
104.583333  0.000000
104.666667  0.000000
104.750000  0.000000
104.833333  0.000000
104.916667  0.000000
105.000000  0.000000
105.083333  0.000000
105.166667  0.000000
105.250000  0.000000
105.333333  0.000000
105.416667  0.000000
105.500000  0.000000
105.583333  0.000000
105.666667  0.000000
105.750000  0.000000
105.833333  0.000000
105.916667  0.000000
106.000000  0.000000
106.083333  0.000000
106.166667  0.000000
106.250000  0.000000
106.333333  0.000000
106.416667  0.000000
106.500000  0.000000
106.583333  0.000000
106.666667  0.000000
106.750000  0.000000
106.833333  0.000000
106.916667  0.000000
107.000000  0.000000
107.083333  0.000000
107.166667  0.000000
107.250000  0.000000
107.333333  0.000000
107.416667  0.000000
107.500000  0.000000
107.583333  0.000000
107.666667  0.000000
107.750000  0.000000
107.833333  0.000000
107.916667  0.000000
108.000000  0.000000
108.083333  0.000000
108.166667  0.000000
108.250000  0.000000
108.333333  0.000000
108.416667  0.000000
108.500000  0.000000
108.583333  0.000000
108.666667  0.000000
108.750000  0.000000
108.833333  0.000000
108.916667  0.000000
109.000000  0.000000
109.083333  0.000000
109.166667  0.000000
109.250000  0.000000
109.333333  0.000000
109.416667  0.000000
109.500000  0.000000
109.583333  0.000000
109.666667  0.000000
109.750000  0.000000
109.833333  0.000000
109.916667  0.000000
110.000000  0.000000
110.083333  0.000000
110.166667  0.000000
110.250000  0.000000
110.333333  0.000000
110.416667  0.000000
110.500000  0.000000
110.583333  0.000000
110.666667  0.000000
110.750000  0.000000
110.833333  0.000000
110.916667  0.000000
111.000000  0.000000
111.083333  0.000000
111.166667  0.000000
111.250000  0.000000
111.333333  0.000000
111.416667  0.000000
111.500000  0.000000
111.583333  0.000000
111.666667  0.000000
111.750000  0.000000
111.833333  0.000000
111.916667  0.000000
112.000000  0.000000
112.083333  0.000000
112.166667  0.000000
112.250000  0.000000
112.333333  0.000000
112.416667  0.000000
112.500000  0.000000
112.583333  0.000000
112.666667  0.000000
112.750000  0.000000
112.833333  0.000000
112.916667  0.000000
113.000000  0.000000
113.083333  0.000000
113.166667  0.000000
113.250000  0.000000
113.333333  0.000000
113.416667  0.000000
113.500000  0.000000
113.583333  0.000000
113.666667  0.000000
113.750000  0.000000
113.833333  0.000000
113.916667  0.000000
114.000000  0.000000
114.083333  0.000000
114.166667  0.000000
114.250000  0.000000
114.333333  0.000000
114.416667  0.000000
114.500000  0.000000
114.583333  0.000000
114.666667  0.000000
114.750000  0.000000
114.833333  0.000000
114.916667  0.000000
115.000000  0.000000
115.083333  0.000000
115.166667  0.000000
115.250000  0.000000
115.333333  0.000000
115.416667  0.000000
115.500000  0.000000
115.583333  0.000000
115.666667  0.000000
115.750000  0.000000
115.833333  0.000000
115.916667  0.000000
116.000000  0.000000
116.083333  0.000000
116.166667  0.000000
116.250000  0.000000
116.333333  0.000000
116.416667  0.000000
116.500000  0.000000
116.583333  0.000000
116.666667  0.000000
116.750000  0.000000
116.833333  0.000000
116.916667  0.000000
117.000000  0.000000
117.083333  0.000000
117.166667  0.000000
117.250000  0.000000
117.333333  0.000000
117.416667  0.000000
117.500000  0.000000
117.583333  0.000000
117.666667  0.000000
117.750000  0.000000
117.833333  0.000000
117.916667  0.000000
118.000000  0.000000
118.083333  0.000000
118.166667  0.000000
118.250000  0.000000
118.333333  0.000000
118.416667  0.000000
118.500000  0.000000
118.583333  0.000000
118.666667  0.000000
118.750000  0.000000
118.833333  0.000000
118.916667  0.000000
119.000000  0.000000
119.083333  0.000000
119.166667  0.000000
119.250000  0.000000
119.333333  0.000000
119.416667  0.000000
119.500000  0.000000
119.583333  0.000000
119.666667  0.000000
119.750000  0.000000
119.833333  0.000000
119.916667  0.000000
120.000000  0.000000
120.083333  0.000000
120.166667  0.000000
120.250000  0.000000
120.333333  0.000000
120.416667  0.000000
120.500000  0.000000
120.583333  0.000000
120.666667  0.000000
120.750000  0.000000
120.833333  0.000000
120.916667  0.000000
121.000000  0.000000
121.083333  0.000000
121.166667  0.000000
121.250000  0.000000
121.333333  0.000000
121.416667  0.000000
121.500000  0.000000
121.583333  0.000000
121.666667  0.000000
121.750000  0.000000
121.833333  0.000000
121.916667  0.000000
122.000000  0.000000
122.083333  0.000000
122.166667  0.000000
122.250000  0.000000
122.333333  0.000000
122.416667  0.000000
122.500000  0.000000
122.583333  0.000000
122.666667  0.000000
122.750000  0.000000
122.833333  0.000000
122.916667  0.000000
123.000000  0.000000
123.083333  0.000000
123.166667  0.000000
123.250000  0.000000
123.333333  0.000000
123.416667  0.000000
123.500000  0.000000
123.583333  0.000000
123.666667  0.000000
123.750000  0.000000
123.833333  0.000000
123.916667  0.000000
124.000000  0.000000
124.083333  0.000000
124.166667  0.000000
124.250000  0.000000
124.333333  0.000000
124.416667  0.000000
124.500000  0.000000
124.583333  0.000000
124.666667  0.000000
124.750000  0.000000
124.833333  0.000000
124.916667  0.000000
125.000000  0.000000
125.083333  0.000000
125.166667  0.000000
125.250000  0.000000
125.333333  0.000000
125.416667  0.000000
125.500000  0.000000
125.583333  0.000000
125.666667  0.000000
125.750000  0.000000
125.833333  0.000000
125.916667  0.000000
126.000000  0.000000
126.083333  0.000000
126.166667  0.000000
126.250000  0.000000
126.333333  0.000000
126.416667  0.000000
126.500000  0.000000
126.583333  0.000000
126.666667  0.000000
126.750000  0.000000
126.833333  0.000000
126.916667  0.000000
127.000000  0.000000
127.083333  0.000000
127.166667  0.000000
127.250000  0.000000
127.333333  0.000000
127.416667  0.000000
127.500000  0.000000
127.583333  0.000000
127.666667  0.000000
127.750000  0.000000
127.833333  0.000000
127.916667  0.000000
128.000000  0.000000
128.083333  0.000000
128.166667  0.000000
128.250000  0.000000
128.333333  0.000000
128.416667  0.000000
128.500000  0.000000
128.583333  0.000000
128.666667  0.000000
128.750000  0.000000
128.833333  0.000000
128.916667  0.000000
129.000000  0.000000
129.083333  0.000000
129.166667  0.000000
129.250000  0.000000
129.333333  0.000000
129.416667  0.000000
129.500000  0.000000
129.583333  0.000000
129.666667  0.000000
129.750000  0.000000
129.833333  0.000000
129.916667  0.000000
130.000000  0.000000
130.083333  0.000000
130.166667  0.000000
130.250000  0.000000
130.333333  0.000000
130.416667  0.000000
130.500000  0.000000
130.583333  0.000000
130.666667  0.000000
130.750000  0.000000
130.833333  0.000000
130.916667  0.000000
131.000000  0.000000
131.083333  0.000000
131.166667  0.000000
131.250000  0.000000
131.333333  0.000000
131.416667  0.000000
131.500000  0.000000
131.583333  0.000000
131.666667  0.000000
131.750000  0.000000
131.833333  0.000000
131.916667  0.000000
132.000000  0.000000
132.083333  0.000000
132.166667  0.000000
132.250000  0.000000
132.333333  0.000000
132.416667  0.000000
132.500000  0.000000
132.583333  0.000000
132.666667  0.000000
132.750000  0.000000
132.833333  0.000000
132.916667  0.000000
133.000000  0.000000
133.083333  0.000000
133.166667  0.000000
133.250000  0.000000
133.333333  0.000000
133.416667  0.000000
133.500000  0.000000
133.583333  0.000000
133.666667  0.000000
133.750000  0.000000
133.833333  0.000000
133.916667  0.000000
134.000000  0.000000
134.083333  0.000000
134.166667  0.000000
134.250000  0.000000
134.333333  0.000000
134.416667  0.000000
134.500000  0.000000
134.583333  0.000000
134.666667  0.000000
134.750000  0.000000
134.833333  0.000000
134.916667  0.000000
135.000000  0.000000
135.083333  0.000000
135.166667  0.000000
135.250000  0.000000
135.333333  0.000000
135.416667  0.000000
135.500000  0.000000
135.583333  0.000000
135.666667  0.000000
135.750000  0.000000
135.833333  0.000000
135.916667  0.000000
136.000000  0.000000
136.083333  0.000000
136.166667  0.000000
136.250000  0.000000
136.333333  0.000000
136.416667  0.000000
136.500000  0.000000
136.583333  0.000000
136.666667  0.000000
136.750000  0.000000
136.833333  0.000000
136.916667  0.000000
137.000000  0.000000
137.083333  0.000000
137.166667  0.000000
137.250000  0.000000
137.333333  0.000000
137.416667  0.000000
137.500000  0.000000
137.583333  0.000000
137.666667  0.000000
137.750000  0.000000
137.833333  0.000000
137.916667  0.000000
138.000000  0.000000
138.083333  0.000000
138.166667  0.000000
138.250000  0.000000
138.333333  0.000000
138.416667  0.000000
138.500000  0.000000
138.583333  0.000000
138.666667  0.000000
138.750000  0.000000
138.833333  0.000000
138.916667  0.000000
139.000000  0.000000
139.083333  0.000000
139.166667  0.000000
139.250000  0.000000
139.333333  0.000000
139.416667  0.000000
139.500000  0.000000
139.583333  0.000000
139.666667  0.000000
139.750000  0.000000
139.833333  0.000000
139.916667  0.000000
140.000000  0.000000
140.083333  0.000000
140.166667  0.000000
140.250000  0.000000
140.333333  0.000000
140.416667  0.000000
140.500000  0.000000
140.583333  0.000000
140.666667  0.000000
140.750000  0.000000
140.833333  0.000000
140.916667  0.000000
141.000000  0.000000
141.083333  0.000000
141.166667  0.000000
141.250000  0.000000
141.333333  0.000000
141.416667  0.000000
141.500000  0.000000
141.583333  0.000000
141.666667  0.000000
141.750000  0.000000
141.833333  0.000000
141.916667  0.000000
142.000000  0.000000
142.083333  0.000000
142.166667  0.000000
142.250000  0.000000
142.333333  0.000000
142.416667  0.000000
142.500000  0.000000
142.583333  0.000000
142.666667  0.000000
142.750000  0.000000
142.833333  0.000000
142.916667  0.000000
143.000000  0.000000
143.083333  0.000000
143.166667  0.000000
143.250000  0.000000
143.333333  0.000000
143.416667  0.000000
143.500000  0.000000
143.583333  0.000000
143.666667  0.000000
143.750000  0.000000
143.833333  0.000000
143.916667  0.000000
144.000000  0.000000
144.083333  0.000000
144.166667  0.000000
144.250000  0.000000
144.333333  0.000000
144.416667  0.000000
144.500000  0.000000
144.583333  0.000000
144.666667  0.000000
144.750000  0.000000
144.833333  0.000000
144.916667  0.000000
145.000000  0.000000
145.083333  0.000000
145.166667  0.000000
145.250000  0.000000
145.333333  0.000000
145.416667  0.000000
145.500000  0.000000
145.583333  0.000000
145.666667  0.000000
145.750000  0.000000
145.833333  0.000000
145.916667  0.000000
146.000000  0.000000
146.083333  0.000000
146.166667  0.000000
146.250000  0.000000
146.333333  0.000000
146.416667  0.000000
146.500000  0.000000
146.583333  0.000000
146.666667  0.000000
146.750000  0.000000
146.833333  0.000000
146.916667  0.000000
147.000000  0.000000
147.083333  0.000000
147.166667  0.000000
147.250000  0.000000
147.333333  0.000000
147.416667  0.000000
147.500000  0.000000
147.583333  0.000000
147.666667  0.000000
147.750000  0.000000
147.833333  0.000000
147.916667  0.000000
148.000000  0.000000
148.083333  0.000000
148.166667  0.000000
148.250000  0.000000
148.333333  0.000000
148.416667  0.000000
148.500000  0.000000
148.583333  0.000000
148.666667  0.000000
148.750000  0.000000
148.833333  0.000000
148.916667  0.000000
149.000000  0.000000
149.083333  0.000000
149.166667  0.000000
149.250000  0.000000
149.333333  0.000000
149.416667  0.000000
149.500000  0.000000
149.583333  0.000000
149.666667  0.000000
149.750000  0.000000
149.833333  0.000000
149.916667  0.000000
150.000000  0.000000
150.083333  0.000000
150.166667  0.000000
150.250000  0.000000
150.333333  0.000000
150.416667  0.000000
150.500000  0.000000
150.583333  0.000000
150.666667  0.000000
150.750000  0.000000
150.833333  0.000000
150.916667  0.000000
151.000000  0.000000
151.083333  0.000000
151.166667  0.000000
151.250000  0.000000
151.333333  0.000000
151.416667  0.000000
151.500000  0.000000
151.583333  0.000000
151.666667  0.000000
151.750000  0.000000
151.833333  0.000000
151.916667  0.000000
152.000000  0.000000
152.083333  0.000000
152.166667  0.000000
152.250000  0.000000
152.333333  0.000000
152.416667  0.000000
152.500000  0.000000
152.583333  0.000000
152.666667  0.000000
152.750000  0.000000
152.833333  0.000000
152.916667  0.000000
153.000000  0.000000
153.083333  0.000000
153.166667  0.000000
153.250000  0.000000
153.333333  0.000000
153.416667  0.000000
153.500000  0.000000
153.583333  0.000000
153.666667  0.000000
153.750000  0.000000
153.833333  0.000000
153.916667  0.000000
154.000000  0.000000
154.083333  0.000000
154.166667  0.000000
154.250000  0.000000
154.333333  0.000000
154.416667  0.000000
154.500000  0.000000
154.583333  0.000000
154.666667  0.000000
154.750000  0.000000
154.833333  0.000000
154.916667  0.000000
155.000000  0.000000
155.083333  0.000000
155.166667  0.000000
155.250000  0.000000
155.333333  0.000000
155.416667  0.000000
155.500000  0.000000
155.583333  0.000000
155.666667  0.000000
155.750000  0.000000
155.833333  0.000000
155.916667  0.000000
156.000000  0.000000
156.083333  0.000000
156.166667  0.000000
156.250000  0.000000
156.333333  0.000000
156.416667  0.000000
156.500000  0.000000
156.583333  0.000000
156.666667  0.000000
156.750000  0.000000
156.833333  0.000000
156.916667  0.000000
157.000000  0.000000
157.083333  0.000000
157.166667  0.000000
157.250000  0.000000
157.333333  0.000000
157.416667  0.000000
157.500000  0.000000
157.583333  0.000000
157.666667  0.000000
157.750000  0.000000
157.833333  0.000000
157.916667  0.000000
158.000000  0.000000
158.083333  0.000000
158.166667  0.000000
158.250000  0.000000
158.333333  0.000000
158.416667  0.000000
158.500000  0.000000
158.583333  0.000000
158.666667  0.000000
158.750000  0.000000
158.833333  0.000000
158.916667  0.000000
159.000000  0.000000
159.083333  0.000000
159.166667  0.000000
159.250000  0.000000
159.333333  0.000000
159.416667  0.000000
159.500000  0.000000
159.583333  0.000000
159.666667  0.000000
159.750000  0.000000
159.833333  0.000000
159.916667  0.000000
160.000000  0.000000
160.083333  0.000000
160.166667  0.000000
160.250000  0.000000
160.333333  0.000000
160.416667  0.000000
160.500000  0.000000
160.583333  0.000000
160.666667  0.000000
160.750000  0.000000
160.833333  0.000000
160.916667  0.000000
161.000000  0.000000
161.083333  0.000000
161.166667  0.000000
161.250000  0.000000
161.333333  0.000000
161.416667  0.000000
161.500000  0.000000
161.583333  0.000000
161.666667  0.000000
161.750000  0.000000
161.833333  0.000000
161.916667  0.000000
162.000000  0.000000
162.083333  0.000000
162.166667  0.000000
162.250000  0.000000
162.333333  0.000000
162.416667  0.000000
162.500000  0.000000
162.583333  0.000000
162.666667  0.000000
162.750000  0.000000
162.833333  0.000000
162.916667  0.000000
163.000000  0.000000
163.083333  0.000000
163.166667  0.000000
163.250000  0.000000
163.333333  0.000000
163.416667  0.000000
163.500000  0.000000
163.583333  0.000000
163.666667  0.000000
163.750000  0.000000
163.833333  0.000000
163.916667  0.000000
164.000000  0.000000
164.083333  0.000000
164.166667  0.000000
164.250000  0.000000
164.333333  0.000000
164.416667  0.000000
164.500000  0.000000
164.583333  0.000000
164.666667  0.000000
164.750000  0.000000
164.833333  0.000000
164.916667  0.000000
165.000000  0.000000
165.083333  0.000000
165.166667  0.000000
165.250000  0.000000
165.333333  0.000000
165.416667  0.000000
165.500000  0.000000
165.583333  0.000000
165.666667  0.000000
165.750000  0.000000
165.833333  0.000000
165.916667  0.000000
166.000000  0.000000
166.083333  0.000000
166.166667  0.000000
166.250000  0.000000
166.333333  0.000000
166.416667  0.000000
166.500000  0.000000
166.583333  0.000000
166.666667  0.000000
166.750000  0.000000
166.833333  0.000000
166.916667  0.000000
167.000000  0.000000
167.083333  0.000000
167.166667  0.000000
167.250000  0.000000
167.333333  0.000000
167.416667  0.000000
167.500000  0.000000
167.583333  0.000000
167.666667  0.000000
167.750000  0.000000
167.833333  0.000000
167.916667  0.000000
168.000000  0.000000
168.083333  0.000000
168.166667  0.000000
168.250000  0.000000
168.333333  0.000000
168.416667  0.000000
168.500000  0.000000
168.583333  0.000000
168.666667  0.000000
168.750000  0.000000
168.833333  0.000000
168.916667  0.000000
169.000000  0.000000
169.083333  0.000000
169.166667  0.000000
169.250000  0.000000
169.333333  0.000000
169.416667  0.000000
169.500000  0.000000
169.583333  0.000000
169.666667  0.000000
169.750000  0.000000
169.833333  0.000000
169.916667  0.000000
170.000000  0.000000
170.083333  0.000000
170.166667  0.000000
170.250000  0.000000
170.333333  0.000000
170.416667  0.000000
170.500000  0.000000
170.583333  0.000000
170.666667  0.000000
170.750000  0.000000
170.833333  0.000000
170.916667  0.000000
171.000000  0.000000
171.083333  0.000000
171.166667  0.000000
171.250000  0.000000
171.333333  0.000000
171.416667  0.000000
171.500000  0.000000
171.583333  0.000000
171.666667  0.000000
171.750000  0.000000
171.833333  0.000000
171.916667  0.000000
172.000000  0.000000
172.083333  0.000000
172.166667  0.000000
172.250000  0.000000
172.333333  0.000000
172.416667  0.000000
172.500000  0.000000
172.583333  0.000000
172.666667  0.000000
172.750000  0.000000
172.833333  0.000000
172.916667  0.000000
173.000000  0.000000
173.083333  0.000000
173.166667  0.000000
173.250000  0.000000
173.333333  0.000000
173.416667  0.000000
173.500000  0.000000
173.583333  0.000000
173.666667  0.000000
173.750000  0.000000
173.833333  0.000000
173.916667  0.000000
174.000000  0.000000
174.083333  0.000000
174.166667  0.000000
174.250000  0.000000
174.333333  0.000000
174.416667  0.000000
174.500000  0.000000
174.583333  0.000000
174.666667  0.000000
174.750000  0.000000
174.833333  0.000000
174.916667  0.000000
175.000000  0.000000
175.083333  0.000000
175.166667  0.000000
175.250000  0.000000
175.333333  0.000000
175.416667  0.000000
175.500000  0.000000
175.583333  0.000000
175.666667  0.000000
175.750000  0.000000
175.833333  0.000000
175.916667  0.000000
176.000000  0.000000
176.083333  0.000000
176.166667  0.000000
176.250000  0.000000
176.333333  0.000000
176.416667  0.000000
176.500000  0.000000
176.583333  0.000000
176.666667  0.000000
176.750000  0.000000
176.833333  0.000000
176.916667  0.000000
177.000000  0.000000
177.083333  0.000000
177.166667  0.000000
177.250000  0.000000
177.333333  0.000000
177.416667  0.000000
177.500000  0.000000
177.583333  0.000000
177.666667  0.000000
177.750000  0.000000
177.833333  0.000000
177.916667  0.000000
178.000000  0.000000
178.083333  0.000000
178.166667  0.000000
178.250000  0.000000
178.333333  0.000000
178.416667  0.000000
178.500000  0.000000
178.583333  0.000000
178.666667  0.000000
178.750000  0.000000
178.833333  0.000000
178.916667  0.000000
179.000000  0.000000
179.083333  0.000000
179.166667  0.000000
179.250000  0.000000
179.333333  0.000000
179.416667  0.000000
179.500000  0.000000
179.583333  0.000000
179.666667  0.000000
179.750000  0.000000
179.833333  0.000000
179.916667  0.000000
180.000000  0.000000
180.083333  0.000000
180.166667  0.000000
180.250000  0.000000
180.333333  0.000000
180.416667  0.000000
180.500000  0.000000
180.583333  0.000000
180.666667  0.000000
180.750000  0.000000
180.833333  0.000000
180.916667  0.000000
181.000000  0.000000
181.083333  0.000000
181.166667  0.000000
181.250000  0.000000
181.333333  0.000000
181.416667  0.000000
181.500000  0.000000
181.583333  0.000000
181.666667  0.000000
181.750000  0.000000
181.833333  0.000000
181.916667  0.000000
182.000000  0.000000
182.083333  0.000000
182.166667  0.000000
182.250000  0.000000
182.333333  0.000000
182.416667  0.000000
182.500000  0.000000
182.583333  0.000000
182.666667  0.000000
182.750000  0.000000
182.833333  0.000000
182.916667  0.000000
183.000000  0.000000
183.083333  0.000000
183.166667  0.000000
183.250000  0.000000
183.333333  0.000000
183.416667  0.000000
183.500000  0.000000
183.583333  0.000000
183.666667  0.000000
183.750000  0.000000
183.833333  0.000000
183.916667  0.000000
184.000000  0.000000
184.083333  0.000000
184.166667  0.000000
184.250000  0.000000
184.333333  0.000000
184.416667  0.000000
184.500000  0.000000
184.583333  0.000000
184.666667  0.000000
184.750000  0.000000
184.833333  0.000000
184.916667  0.000000
185.000000  0.000000
185.083333  0.000000
185.166667  0.000000
185.250000  0.000000
185.333333  0.000000
185.416667  0.000000
185.500000  0.000000
185.583333  0.000000
185.666667  0.000000
185.750000  0.000000
185.833333  0.000000
185.916667  0.000000
186.000000  0.000000
186.083333  0.000000
186.166667  0.000000
186.250000  0.000000
186.333333  0.000000
186.416667  0.000000
186.500000  0.000000
186.583333  0.000000
186.666667  0.000000
186.750000  0.000000
186.833333  0.000000
186.916667  0.000000
187.000000  0.000000
187.083333  0.000000
187.166667  0.000000
187.250000  0.000000
187.333333  0.000000
187.416667  0.000000
187.500000  0.000000
187.583333  0.000000
187.666667  0.000000
187.750000  0.000000
187.833333  0.000000
187.916667  0.000000
188.000000  0.000000
188.083333  0.000000
188.166667  0.000000
188.250000  0.000000
188.333333  0.000000
188.416667  0.000000
188.500000  0.000000
188.583333  0.000000
188.666667  0.000000
188.750000  0.000000
188.833333  0.000000
188.916667  0.000000
189.000000  0.000000
189.083333  0.000000
189.166667  0.000000
189.250000  0.000000
189.333333  0.000000
189.416667  0.000000
189.500000  0.000000
189.583333  0.000000
189.666667  0.000000
189.750000  0.000000
189.833333  0.000000
189.916667  0.000000
190.000000  0.000000
190.083333  0.000000
190.166667  0.000000
190.250000  0.000000
190.333333  0.000000
190.416667  0.000000
190.500000  0.000000
190.583333  0.000000
190.666667  0.000000
190.750000  0.000000
190.833333  0.000000
190.916667  0.000000
191.000000  0.000000
191.083333  0.000000
191.166667  0.000000
191.250000  0.000000
191.333333  0.000000
191.416667  0.000000
191.500000  0.000000
191.583333  0.000000
191.666667  0.000000
191.750000  0.000000
191.833333  0.000000
191.916667  0.000000
192.000000  0.000000
192.083333  0.000000
192.166667  0.000000
192.250000  0.000000
192.333333  0.000000
192.416667  0.000000
192.500000  0.000000
192.583333  0.000000
192.666667  0.000000
192.750000  0.000000
192.833333  0.000000
192.916667  0.000000
193.000000  0.000000
193.083333  0.000000
193.166667  0.000000
193.250000  0.000000
193.333333  0.000000
193.416667  0.000000
193.500000  0.000000
193.583333  0.000000
193.666667  0.000000
193.750000  0.000000
193.833333  0.000000
193.916667  0.000000
194.000000  0.000000
194.083333  0.000000
194.166667  0.000000
194.250000  0.000000
194.333333  0.000000
194.416667  0.000000
194.500000  0.000000
194.583333  0.000000
194.666667  0.000000
194.750000  0.000000
194.833333  0.000000
194.916667  0.000000
195.000000  0.000000
195.083333  0.000000
195.166667  0.000000
195.250000  0.000000
195.333333  0.000000
195.416667  0.000000
195.500000  0.000000
195.583333  0.000000
195.666667  0.000000
195.750000  0.000000
195.833333  0.000000
195.916667  0.000000
196.000000  0.000000
196.083333  0.000000
196.166667  0.000000
196.250000  0.000000
196.333333  0.000000
196.416667  0.000000
196.500000  0.000000
196.583333  0.000000
196.666667  0.000000
196.750000  0.000000
196.833333  0.000000
196.916667  0.000000
197.000000  0.000000
197.083333  0.000000
197.166667  0.000000
197.250000  0.000000
197.333333  0.000000
197.416667  0.000000
197.500000  0.000000
197.583333  0.000000
197.666667  0.000000
197.750000  0.000000
197.833333  0.000000
197.916667  0.000000
198.000000  0.000000
198.083333  0.000000
198.166667  0.000000
198.250000  0.000000
198.333333  0.000000
198.416667  0.000000
198.500000  0.000000
198.583333  0.000000
198.666667  0.000000
198.750000  0.000000
198.833333  0.000000
198.916667  0.000000
199.000000  0.000000
199.083333  0.000000
199.166667  0.000000
199.250000  0.000000
199.333333  0.000000
199.416667  0.000000
199.500000  0.000000
199.583333  0.000000
199.666667  0.000000
199.750000  0.000000
199.833333  0.000000
199.916667  0.000000
200.000000  0.000000
200.083333  0.000000
200.166667  0.000000
200.250000  0.000000
200.333333  0.000000
200.416667  0.000000
200.500000  0.000000
200.583333  0.000000
200.666667  0.000000
200.750000  0.000000
200.833333  0.000000
200.916667  0.000000
201.000000  0.000000
201.083333  0.000000
201.166667  0.000000
201.250000  0.000000
201.333333  0.000000
201.416667  0.000000
201.500000  0.000000
201.583333  0.000000
201.666667  0.000000
201.750000  0.000000
201.833333  0.000000
201.916667  0.000000
202.000000  0.000000
202.083333  0.000000
202.166667  0.000000
202.250000  0.000000
202.333333  0.000000
202.416667  0.000000
202.500000  0.000000
202.583333  0.000000
202.666667  0.000000
202.750000  0.000000
202.833333  0.000000
202.916667  0.000000
203.000000  0.000000
203.083333  0.000000
203.166667  0.000000
203.250000  0.000000
203.333333  0.000000
203.416667  0.000000
203.500000  0.000000
203.583333  0.000000
203.666667  0.000000
203.750000  0.000000
203.833333  0.000000
203.916667  0.000000
204.000000  0.000000
204.083333  0.000000
204.166667  0.000000
204.250000  0.000000
204.333333  0.000000
204.416667  0.000000
204.500000  0.000000
204.583333  0.000000
204.666667  0.000000
204.750000  0.000000
204.833333  0.000000
204.916667  0.000000
205.000000  0.000000
205.083333  0.000000
205.166667  0.000000
205.250000  0.000000
205.333333  0.000000
205.416667  0.000000
205.500000  0.000000
205.583333  0.000000
205.666667  0.000000
205.750000  0.000000
205.833333  0.000000
205.916667  0.000000
206.000000  0.000000
206.083333  0.000000
206.166667  0.000000
206.250000  0.000000
206.333333  0.000000
206.416667  0.000000
206.500000  0.000000
206.583333  0.000000
206.666667  0.000000
206.750000  0.000000
206.833333  0.000000
206.916667  0.000000
207.000000  0.000000
207.083333  0.000000
207.166667  0.000000
207.250000  0.000000
207.333333  0.000000
207.416667  0.000000
207.500000  0.000000
207.583333  0.000000
207.666667  0.000000
207.750000  0.000000
207.833333  0.000000
207.916667  0.000000
208.000000  0.000000
208.083333  0.000000
208.166667  0.000000
208.250000  0.000000
208.333333  0.000000
208.416667  0.000000
208.500000  0.000000
208.583333  0.000000
208.666667  0.000000
208.750000  0.000000
208.833333  0.000000
208.916667  0.000000
209.000000  0.000000
209.083333  0.000000
209.166667  0.000000
209.250000  0.000000
209.333333  0.000000
209.416667  0.000000
209.500000  0.000000
209.583333  0.000000
209.666667  0.000000
209.750000  0.000000
209.833333  0.000000
209.916667  0.000000
210.000000  0.000000
210.083333  0.000000
210.166667  0.000000
210.250000  0.000000
210.333333  0.000000
210.416667  0.000000
210.500000  0.000000
210.583333  0.000000
210.666667  0.000000
210.750000  0.000000
210.833333  0.000000
210.916667  0.000000
211.000000  0.000000
211.083333  0.000000
211.166667  0.000000
211.250000  0.000000
211.333333  0.000000
211.416667  0.000000
211.500000  0.000000
211.583333  0.000000
211.666667  0.000000
211.750000  0.000000
211.833333  0.000000
211.916667  0.000000
212.000000  0.000000
212.083333  0.000000
212.166667  0.000000
212.250000  0.000000
212.333333  0.000000
212.416667  0.000000
212.500000  0.000000
212.583333  0.000000
212.666667  0.000000
212.750000  0.000000
212.833333  0.000000
212.916667  0.000000
213.000000  0.000000
213.083333  0.000000
213.166667  0.000000
213.250000  0.000000
213.333333  0.000000
213.416667  0.000000
213.500000  0.000000
213.583333  0.000000
213.666667  0.000000
213.750000  0.000000
213.833333  0.000000
213.916667  0.000000
214.000000  0.000000
214.083333  0.000000
214.166667  0.000000
214.250000  0.000000
214.333333  0.000000
214.416667  0.000000
214.500000  0.000000
214.583333  0.000000
214.666667  0.000000
214.750000  0.000000
214.833333  0.000000
214.916667  0.000000
215.000000  0.000000
215.083333  0.000000
215.166667  0.000000
215.250000  0.000000
215.333333  0.000000
215.416667  0.000000
215.500000  0.000000
215.583333  0.000000
215.666667  0.000000
215.750000  0.000000
215.833333  0.000000
215.916667  0.000000
216.000000  0.000000
216.083333  0.000000
216.166667  0.000000
216.250000  0.000000
216.333333  0.000000
216.416667  0.000000
216.500000  0.000000
216.583333  0.000000
216.666667  0.000000
216.750000  0.000000
216.833333  0.000000
216.916667  0.000000
217.000000  0.000000
217.083333  0.000000
217.166667  0.000000
217.250000  0.000000
217.333333  0.000000
217.416667  0.000000
217.500000  0.000000
217.583333  0.000000
217.666667  0.000000
217.750000  0.000000
217.833333  0.000000
217.916667  0.000000
218.000000  0.000000
218.083333  0.000000
218.166667  0.000000
218.250000  0.000000
218.333333  0.000000
218.416667  0.000000
218.500000  0.000000
218.583333  0.000000
218.666667  0.000000
218.750000  0.000000
218.833333  0.000000
218.916667  0.000000
219.000000  0.000000
219.083333  0.000000
219.166667  0.000000
219.250000  0.000000
219.333333  0.000000
219.416667  0.000000
219.500000  0.000000
219.583333  0.000000
219.666667  0.000000
219.750000  0.000000
219.833333  0.000000
219.916667  0.000000
220.000000  0.000000
220.083333  0.000000
220.166667  0.000000
220.250000  0.000000
220.333333  0.000000
220.416667  0.000000
220.500000  0.000000
220.583333  0.000000
220.666667  0.000000
220.750000  0.000000
220.833333  0.000000
220.916667  0.000000
221.000000  0.000000
221.083333  0.000000
221.166667  0.000000
221.250000  0.000000
221.333333  0.000000
221.416667  0.000000
221.500000  0.000000
221.583333  0.000000
221.666667  0.000000
221.750000  0.000000
221.833333  0.000000
221.916667  0.000000
222.000000  0.000000
222.083333  0.000000
222.166667  0.000000
222.250000  0.000000
222.333333  0.000000
222.416667  0.000000
222.500000  0.000000
222.583333  0.000000
222.666667  0.000000
222.750000  0.000000
222.833333  0.000000
222.916667  0.000000
223.000000  0.000000
223.083333  0.000000
223.166667  0.000000
223.250000  0.000000
223.333333  0.000000
223.416667  0.000000
223.500000  0.000000
223.583333  0.000000
223.666667  0.000000
223.750000  0.000000
223.833333  0.000000
223.916667  0.000000
224.000000  0.000000
224.083333  0.000000
224.166667  0.000000
224.250000  0.000000
224.333333  0.000000
224.416667  0.000000
224.500000  0.000000
224.583333  0.000000
224.666667  0.000000
224.750000  0.000000
224.833333  0.000000
224.916667  0.000000
225.000000  0.000000
225.083333  0.000000
225.166667  0.000000
225.250000  0.000000
225.333333  0.000000
225.416667  0.000000
225.500000  0.000000
225.583333  0.000000
225.666667  0.000000
225.750000  0.000000
225.833333  0.000000
225.916667  0.000000
226.000000  0.000000
226.083333  0.000000
226.166667  0.000000
226.250000  0.000000
226.333333  0.000000
226.416667  0.000000
226.500000  0.000000
226.583333  0.000000
226.666667  0.000000
226.750000  0.000000
226.833333  0.000000
226.916667  0.000000
227.000000  0.000000
227.083333  0.000000
227.166667  0.000000
227.250000  0.000000
227.333333  0.000000
227.416667  0.000000
227.500000  0.000000
227.583333  0.000000
227.666667  0.000000
227.750000  0.000000
227.833333  0.000000
227.916667  0.000000
228.000000  0.000000
228.083333  0.000000
228.166667  0.000000
228.250000  0.000000
228.333333  0.000000
228.416667  0.000000
228.500000  0.000000
228.583333  0.000000
228.666667  0.000000
228.750000  0.000000
228.833333  0.000000
228.916667  0.000000
229.000000  0.000000
229.083333  0.000000
229.166667  0.000000
229.250000  0.000000
229.333333  0.000000
229.416667  0.000000
229.500000  0.000000
229.583333  0.000000
229.666667  0.000000
229.750000  0.000000
229.833333  0.000000
229.916667  0.000000
230.000000  0.000000
230.083333  0.000000
230.166667  0.000000
230.250000  0.000000
230.333333  0.000000
230.416667  0.000000
230.500000  0.000000
230.583333  0.000000
230.666667  0.000000
230.750000  0.000000
230.833333  0.000000
230.916667  0.000000
231.000000  0.000000
231.083333  0.000000
231.166667  0.000000
231.250000  0.000000
231.333333  0.000000
231.416667  0.000000
231.500000  0.000000
231.583333  0.000000
231.666667  0.000000
231.750000  0.000000
231.833333  0.000000
231.916667  0.000000
232.000000  0.000000
232.083333  0.000000
232.166667  0.000000
232.250000  0.000000
232.333333  0.000000
232.416667  0.000000
232.500000  0.000000
232.583333  0.000000
232.666667  0.000000
232.750000  0.000000
232.833333  0.000000
232.916667  0.000000
233.000000  0.000000
233.083333  0.000000
233.166667  0.000000
233.250000  0.000000
233.333333  0.000000
233.416667  0.000000
233.500000  0.000000
233.583333  0.000000
233.666667  0.000000
233.750000  0.000000
233.833333  0.000000
233.916667  0.000000
234.000000  0.000000
234.083333  0.000000
234.166667  0.000000
234.250000  0.000000
234.333333  0.000000
234.416667  0.000000
234.500000  0.000000
234.583333  0.000000
234.666667  0.000000
234.750000  0.000000
234.833333  0.000000
234.916667  0.000000
235.000000  0.000000
235.083333  0.000000
235.166667  0.000000
235.250000  0.000000
235.333333  0.000000
235.416667  0.000000
235.500000  0.000000
235.583333  0.000000
235.666667  0.000000
235.750000  0.000000
235.833333  0.000000
235.916667  0.000000
236.000000  0.000000
236.083333  0.000000
236.166667  0.000000
236.250000  0.000000
236.333333  0.000000
236.416667  0.000000
236.500000  0.000000
236.583333  0.000000
236.666667  0.000000
236.750000  0.000000
236.833333  0.000000
236.916667  0.000000
237.000000  0.000000
237.083333  0.000000
237.166667  0.000000
237.250000  0.000000
237.333333  0.000000
237.416667  0.000000
237.500000  0.000000
237.583333  0.000000
237.666667  0.000000
237.750000  0.000000
237.833333  0.000000
237.916667  0.000000
238.000000  0.000000
238.083333  0.000000
238.166667  0.000000
238.250000  0.000000
238.333333  0.000000
238.416667  0.000000
238.500000  0.000000
238.583333  0.000000
238.666667  0.000000
238.750000  0.000000
238.833333  0.000000
238.916667  0.000000
239.000000  0.000000
239.083333  0.000000
239.166667  0.000000
239.250000  0.000000
239.333333  0.000000
239.416667  0.000000
239.500000  0.000000
239.583333  0.000000
239.666667  0.000000
239.750000  0.000000
239.833333  0.000000
239.916667  0.000000
240.000000  0.000000
240.083333  0.000000
240.166667  0.000000
240.250000  0.000000
240.333333  0.000000
240.416667  0.000000
240.500000  0.000000
240.583333  0.000000
240.666667  0.000000
240.750000  0.000000
240.833333  0.000000
240.916667  0.000000
241.000000  0.000000
241.083333  0.000000
241.166667  0.000000
241.250000  0.000000
241.333333  0.000000
241.416667  0.000000
241.500000  0.000000
241.583333  0.000000
241.666667  0.000000
241.750000  0.000000
241.833333  0.000000
241.916667  0.000000
242.000000  0.000000
242.083333  0.000000
242.166667  0.000000
242.250000  0.000000
242.333333  0.000000
242.416667  0.000000
242.500000  0.000000
242.583333  0.000000
242.666667  0.000000
242.750000  0.000000
242.833333  0.000000
242.916667  0.000000
243.000000  0.000000
243.083333  0.000000
243.166667  0.000000
243.250000  0.000000
243.333333  0.000000
243.416667  0.000000
243.500000  0.000000
243.583333  0.000000
243.666667  0.000000
243.750000  0.000000
243.833333  0.000000
243.916667  0.000000
244.000000  0.000000
244.083333  0.000000
244.166667  0.000000
244.250000  0.000000
244.333333  0.000000
244.416667  0.000000
244.500000  0.000000
244.583333  0.000000
244.666667  0.000000
244.750000  0.000000
244.833333  0.000000
244.916667  0.000000
245.000000  0.000000
245.083333  0.000000
245.166667  0.000000
245.250000  0.000000
245.333333  0.000000
245.416667  0.000000
245.500000  0.000000
245.583333  0.000000
245.666667  0.000000
245.750000  0.000000
245.833333  0.000000
245.916667  0.000000
246.000000  0.000000
246.083333  0.000000
246.166667  0.000000
246.250000  0.000000
246.333333  0.000000
246.416667  0.000000
246.500000  0.000000
246.583333  0.000000
246.666667  0.000000
246.750000  0.000000
246.833333  0.000000
246.916667  0.000000
247.000000  0.000000
247.083333  0.000000
247.166667  0.000000
247.250000  0.000000
247.333333  0.000000
247.416667  0.000000
247.500000  0.000000
247.583333  0.000000
247.666667  0.000000
247.750000  0.000000
247.833333  0.000000
247.916667  0.000000
248.000000  0.000000
248.083333  0.000000
248.166667  0.000000
248.250000  0.000000
248.333333  0.000000
248.416667  0.000000
248.500000  0.000000
248.583333  0.000000
248.666667  0.000000
248.750000  0.000000
248.833333  0.000000
248.916667  0.000000
249.000000  0.000000
249.083333  0.000000
249.166667  0.000000
249.250000  0.000000
249.333333  0.000000
249.416667  0.000000
249.500000  0.000000
249.583333  0.000000
249.666667  0.000000
249.750000  0.000000
249.833333  0.000000
249.916667  0.000000
250.000000  0.000000
