0.000000  3.000000
0.083333  3.276132
0.166667  3.510426
0.250000  3.707417
0.333333  3.871178
0.416667  4.005366
0.500000  4.113264
0.583333  4.197819
0.666667  4.261676
0.750000  4.307205
0.833333  4.336535
0.916667  4.351574
1.000000  4.354030
1.083333  4.345436
1.166667  4.327164
1.250000  4.300441
1.333333  4.266366
1.416667  4.225923
1.500000  4.179988
1.583333  4.129347
1.666667  4.074700
1.750000  4.016672
1.833333  3.955819
1.916667  3.892636
2.000000  3.827565
2.083333  3.760996
2.166667  3.693278
2.250000  3.624718
2.333333  3.555587
2.416667  3.486127
2.500000  3.416549
2.583333  3.347040
2.666667  3.277762
2.750000  3.208859
2.833333  3.140454
2.916667  3.072656
3.000000  3.005558
3.083333  2.939240
3.166667  2.873771
3.250000  2.809207
3.333333  2.745599
3.416667  2.682986
3.500000  2.621402
3.583333  2.560872
3.666667  2.501418
3.750000  2.443053
3.833333  2.385791
3.916667  2.329636
4.000000  2.274593
4.083333  2.220662
4.166667  2.167839
4.250000  2.116119
4.333333  2.065497
4.416667  2.015961
4.500000  1.967503
4.583333  1.920109
4.666667  1.873767
4.750000  1.828463
4.833333  1.784181
4.916667  1.740907
5.000000  1.698623
5.083333  1.657313
5.166667  1.616960
5.250000  1.577547
5.333333  1.539056
5.416667  1.501469
5.500000  1.464770
5.583333  1.428939
5.666667  1.393959
5.750000  1.359813
5.833333  1.326483
5.916667  1.293951
6.000000  1.262201
6.083333  1.231215
6.166667  1.200976
6.250000  1.171468
6.333333  1.142674
6.416667  1.114578
6.500000  1.087164
6.583333  1.060416
6.666667  1.034319
6.750000  1.008858
6.833333  0.984018
6.916667  0.959785
7.000000  0.936143
7.083333  0.913080
7.166667  0.890581
7.250000  0.868633
7.333333  0.847223
7.416667  0.826338
7.500000  0.805966
7.583333  0.786093
7.666667  0.766708
7.750000  0.747800
7.833333  0.729356
7.916667  0.711366
8.000000  0.693818
8.083333  0.676701
8.166667  0.660006
8.250000  0.643722
8.333333  0.627839
8.416667  0.612347
8.500000  0.597236
8.583333  0.582498
8.666667  0.568123
8.750000  0.554102
8.833333  0.540427
8.916667  0.527088
9.000000  0.514079
9.083333  0.501390
9.166667  0.489015
9.250000  0.476944
9.333333  0.465171
9.416667  0.453689
9.500000  0.442489
9.583333  0.431566
9.666667  0.420913
9.750000  0.410522
9.833333  0.400388
9.916667  0.390504
10.000000  0.380863
10.083333  0.371461
10.166667  0.362291
10.250000  0.353347
10.333333  0.344623
10.416667  0.336115
10.500000  0.327817
10.583333  0.319724
10.666667  0.311830
10.750000  0.304132
10.833333  0.296623
10.916667  0.289300
11.000000  0.282157
11.083333  0.275191
11.166667  0.268397
11.250000  0.261771
11.333333  0.255308
11.416667  0.249004
11.500000  0.242857
11.583333  0.236861
11.666667  0.231013
11.750000  0.225309
11.833333  0.219746
11.916667  0.214321
12.000000  0.209029
12.083333  0.203868
12.166667  0.198835
12.250000  0.193926
12.333333  0.189138
12.416667  0.184468
12.500000  0.179914
12.583333  0.175472
12.666667  0.171139
12.750000  0.166914
12.833333  0.162793
12.916667  0.158773
13.000000  0.154853
13.083333  0.151030
13.166667  0.147301
13.250000  0.143664
13.333333  0.140117
13.416667  0.136658
13.500000  0.133284
13.583333  0.129993
13.666667  0.126783
13.750000  0.123653
13.833333  0.120600
13.916667  0.117622
14.000000  0.114718
14.083333  0.111886
14.166667  0.109123
14.250000  0.106429
14.333333  0.103801
14.416667  0.101239
14.500000  0.098739
14.583333  0.096301
14.666667  0.093923
14.750000  0.091604
14.833333  0.089343
14.916667  0.087137
15.000000  0.084985
15.083333  0.082887
15.166667  0.080841
15.250000  0.078845
15.333333  0.076898
15.416667  0.074999
15.500000  0.073148
15.583333  0.071342
15.666667  0.069580
15.750000  0.067862
15.833333  0.066187
15.916667  0.064553
16.000000  0.062959
16.083333  0.061404
16.166667  0.059888
16.250000  0.058410
16.333333  0.056967
16.416667  0.055561
16.500000  0.054189
16.583333  0.052851
16.666667  0.051546
16.750000  0.050274
16.833333  0.049032
16.916667  0.047822
17.000000  0.046641
17.083333  0.045489
17.166667  0.044366
17.250000  0.043271
17.333333  0.042203
17.416667  0.041161
17.500000  0.040144
17.583333  0.039153
17.666667  0.038186
17.750000  0.037244
17.833333  0.036324
17.916667  0.035427
18.000000  0.034553
18.083333  0.033699
18.166667  0.032867
18.250000  0.032056
18.333333  0.031264
18.416667  0.030492
18.500000  0.029740
18.583333  0.029005
18.666667  0.028289
18.750000  0.027591
18.833333  0.026910
18.916667  0.026245
19.000000  0.025597
19.083333  0.024965
19.166667  0.024349
19.250000  0.023748
19.333333  0.023161
19.416667  0.022589
19.500000  0.022032
19.583333  0.021488
19.666667  0.020957
19.750000  0.020440
19.833333  0.019935
19.916667  0.019443
20.000000  0.018963
20.083333  0.018495
20.166667  0.018038
20.250000  0.017593
20.333333  0.017158
20.416667  0.016735
20.500000  0.016321
20.583333  0.015918
20.666667  0.015525
20.750000  0.015142
20.833333  0.014768
20.916667  0.014404
21.000000  0.014048
21.083333  0.013701
21.166667  0.013363
21.250000  0.013033
21.333333  0.012711
21.416667  0.012397
21.500000  0.012091
21.583333  0.011793
21.666667  0.011502
21.750000  0.011218
21.833333  0.010941
21.916667  0.010670
22.000000  0.010407
22.083333  0.010150
22.166667  0.009899
22.250000  0.009655
22.333333  0.009417
22.416667  0.009184
22.500000  0.008957
22.583333  0.008736
22.666667  0.008521
22.750000  0.008310
22.833333  0.008105
22.916667  0.007905
23.000000  0.007710
23.083333  0.007519
23.166667  0.007334
23.250000  0.007153
23.333333  0.006976
23.416667  0.006804
23.500000  0.006636
23.583333  0.006472
23.666667  0.006312
23.750000  0.006156
23.833333  0.006004
23.916667  0.005856
24.000000  0.005711
24.083333  0.005570
24.166667  0.005433
24.250000  0.005299
24.333333  0.005168
24.416667  0.005040
24.500000  0.004916
24.583333  0.004795
24.666667  0.004676
24.750000  0.004561
24.833333  0.004448
24.916667  0.004338
25.000000  0.004231
25.083333  0.004127
25.166667  0.004025
25.250000  0.003925
25.333333  0.003829
25.416667  0.003734
25.500000  0.003642
25.583333  0.003552
25.666667  0.003464
25.750000  0.003379
25.833333  0.003295
25.916667  0.003214
26.000000  0.003135
26.083333  0.003057
26.166667  0.002982
26.250000  0.002908
26.333333  0.002836
26.416667  0.002766
26.500000  0.002698
26.583333  0.002631
26.666667  0.002566
26.750000  0.002503
26.833333  0.002441
26.916667  0.002381
27.000000  0.002322
27.083333  0.002265
27.166667  0.002209
27.250000  0.002154
27.333333  0.002101
27.416667  0.002049
27.500000  0.001999
27.583333  0.001949
27.666667  0.001901
27.750000  0.001854
27.833333  0.001808
27.916667  0.001764
28.000000  0.001720
28.083333  0.001678
28.166667  0.001636
28.250000  0.001596
28.333333  0.001557
28.416667  0.001518
28.500000  0.001481
28.583333  0.001444
28.666667  0.001408
28.750000  0.001374
28.833333  0.001340
28.916667  0.001307
29.000000  0.001274
29.083333  0.001243
29.166667  0.001212
29.250000  0.001182
29.333333  0.001153
29.416667  0.001125
29.500000  0.001097
29.583333  0.001070
29.666667  0.001043
29.750000  0.001018
29.833333  0.000993
29.916667  0.000968
30.000000  0.000944
30.083333  0.000921
30.166667  0.000898
30.250000  0.000876
30.333333  0.000854
30.416667  0.000833
30.500000  0.000813
30.583333  0.000793
30.666667  0.000773
30.750000  0.000754
30.833333  0.000735
30.916667  0.000717
31.000000  0.000699
31.083333  0.000682
31.166667  0.000665
31.250000  0.000649
31.333333  0.000633
31.416667  0.000617
31.500000  0.000602
31.583333  0.000587
31.666667  0.000573
31.750000  0.000558
31.833333  0.000545
31.916667  0.000531
32.000000  0.000518
32.083333  0.000505
32.166667  0.000493
32.250000  0.000481
32.333333  0.000469
32.416667  0.000457
32.500000  0.000446
32.583333  0.000435
32.666667  0.000424
32.750000  0.000414
32.833333  0.000404
32.916667  0.000394
33.000000  0.000384
33.083333  0.000374
33.166667  0.000365
33.250000  0.000356
33.333333  0.000347
33.416667  0.000339
33.500000  0.000330
33.583333  0.000322
33.666667  0.000314
33.750000  0.000307
33.833333  0.000299
33.916667  0.000292
34.000000  0.000284
34.083333  0.000277
34.166667  0.000270
34.250000  0.000264
34.333333  0.000257
34.416667  0.000251
34.500000  0.000245
34.583333  0.000239
34.666667  0.000233
34.750000  0.000227
34.833333  0.000221
34.916667  0.000216
35.000000  0.000211
35.083333  0.000205
35.166667  0.000200
35.250000  0.000195
35.333333  0.000191
35.416667  0.000186
35.500000  0.000181
35.583333  0.000177
35.666667  0.000172
35.750000  0.000168
35.833333  0.000164
35.916667  0.000160
36.000000  0.000156
36.083333  0.000152
36.166667  0.000148
36.250000  0.000145
36.333333  0.000141
36.416667  0.000138
36.500000  0.000134
36.583333  0.000131
36.666667  0.000128
36.750000  0.000125
36.833333  0.000122
36.916667  0.000119
37.000000  0.000116
37.083333  0.000113
37.166667  0.000110
37.250000  0.000107
37.333333  0.000105
37.416667  0.000102
37.500000  0.000100
37.583333  0.000097
37.666667  0.000095
37.750000  0.000092
37.833333  0.000090
37.916667  0.000088
38.000000  0.000086
38.083333  0.000084
38.166667  0.000081
38.250000  0.000079
38.333333  0.000077
38.416667  0.000076
38.500000  0.000074
38.583333  0.000072
38.666667  0.000070
38.750000  0.000068
38.833333  0.000067
38.916667  0.000065
39.000000  0.000063
39.083333  0.000062
39.166667  0.000060
39.250000  0.000059
39.333333  0.000057
39.416667  0.000056
39.500000  0.000055
39.583333  0.000053
39.666667  0.000052
39.750000  0.000051
39.833333  0.000049
39.916667  0.000048
40.000000  0.000047
40.083333  0.000046
40.166667  0.000045
40.250000  0.000044
40.333333  0.000043
40.416667  0.000041
40.500000  0.000040
40.583333  0.000039
40.666667  0.000038
40.750000  0.000038
40.833333  0.000037
40.916667  0.000036
41.000000  0.000035
41.083333  0.000034
41.166667  0.000033
41.250000  0.000032
41.333333  0.000032
41.416667  0.000031
41.500000  0.000030
41.583333  0.000029
41.666667  0.000029
41.750000  0.000028
41.833333  0.000027
41.916667  0.000026
42.000000  0.000026
42.083333  0.000025
42.166667  0.000025
42.250000  0.000024
42.333333  0.000023
42.416667  0.000023
42.500000  0.000022
42.583333  0.000022
42.666667  0.000021
42.750000  0.000021
42.833333  0.000020
42.916667  0.000020
43.000000  0.000019
43.083333  0.000019
43.166667  0.000018
43.250000  0.000018
43.333333  0.000017
43.416667  0.000017
43.500000  0.000016
43.583333  0.000016
43.666667  0.000016
43.750000  0.000015
43.833333  0.000015
43.916667  0.000015
44.000000  0.000014
44.083333  0.000014
44.166667  0.000013
44.250000  0.000013
44.333333  0.000013
44.416667  0.000012
44.500000  0.000012
44.583333  0.000012
44.666667  0.000012
44.750000  0.000011
44.833333  0.000011
44.916667  0.000011
45.000000  0.000010
45.083333  0.000010
45.166667  0.000010
45.250000  0.000010
45.333333  0.000009
45.416667  0.000009
45.500000  0.000009
45.583333  0.000009
45.666667  0.000009
45.750000  0.000008
45.833333  0.000008
45.916667  0.000008
46.000000  0.000008
46.083333  0.000008
46.166667  0.000007
46.250000  0.000007
46.333333  0.000007
46.416667  0.000007
46.500000  0.000007
46.583333  0.000007
46.666667  0.000006
46.750000  0.000006
46.833333  0.000006
46.916667  0.000006
47.000000  0.000006
47.083333  0.000006
47.166667  0.000005
47.250000  0.000005
47.333333  0.000005
47.416667  0.000005
47.500000  0.000005
47.583333  0.000005
47.666667  0.000005
47.750000  0.000005
47.833333  0.000004
47.916667  0.000004
48.000000  0.000004
48.083333  0.000004
48.166667  0.000004
48.250000  0.000004
48.333333  0.000004
48.416667  0.000004
48.500000  0.000004
48.583333  0.000004
48.666667  0.000003
48.750000  0.000003
48.833333  0.000003
48.916667  0.000003
49.000000  0.000003
49.083333  0.000003
49.166667  0.000003
49.250000  0.000003
49.333333  0.000003
49.416667  0.000003
49.500000  0.000003
49.583333  0.000003
49.666667  0.000003
49.750000  0.000003
49.833333  0.000002
49.916667  0.000002
50.000000  0.000002
50.083333  0.000002
50.166667  0.000002
50.250000  0.000002
50.333333  0.000002
50.416667  0.000002
50.500000  0.000002
50.583333  0.000002
50.666667  0.000002
50.750000  0.000002
50.833333  0.000002
50.916667  0.000002
51.000000  0.000002
51.083333  0.000002
51.166667  0.000002
51.250000  0.000002
51.333333  0.000002
51.416667  0.000002
51.500000  0.000001
51.583333  0.000001
51.666667  0.000001
51.750000  0.000001
51.833333  0.000001
51.916667  0.000001
52.000000  0.000001
52.083333  0.000001
52.166667  0.000001
52.250000  0.000001
52.333333  0.000001
52.416667  0.000001
52.500000  0.000001
52.583333  0.000001
52.666667  0.000001
52.750000  0.000001
52.833333  0.000001
52.916667  0.000001
53.000000  0.000001
53.083333  0.000001
53.166667  0.000001
53.250000  0.000001
53.333333  0.000001
53.416667  0.000001
53.500000  0.000001
53.583333  0.000001
53.666667  0.000001
53.750000  0.000001
53.833333  0.000001
53.916667  0.000001
54.000000  0.000001
54.083333  0.000001
54.166667  0.000001
54.250000  0.000001
54.333333  0.000001
54.416667  0.000001
54.500000  0.000001
54.583333  0.000001
54.666667  0.000001
54.750000  0.000001
54.833333  0.000001
54.916667  0.000001
55.000000  0.000001
55.083333  0.000001
55.166667  0.000000
55.250000  0.000000
55.333333  0.000000
55.416667  0.000000
55.500000  0.000000
55.583333  0.000000
55.666667  0.000000
55.750000  0.000000
55.833333  0.000000
55.916667  0.000000
56.000000  0.000000
56.083333  0.000000
56.166667  0.000000
56.250000  0.000000
56.333333  0.000000
56.416667  0.000000
56.500000  0.000000
56.583333  0.000000
56.666667  0.000000
56.750000  0.000000
56.833333  0.000000
56.916667  0.000000
57.000000  0.000000
57.083333  0.000000
57.166667  0.000000
57.250000  0.000000
57.333333  0.000000
57.416667  0.000000
57.500000  0.000000
57.583333  0.000000
57.666667  0.000000
57.750000  0.000000
57.833333  0.000000
57.916667  0.000000
58.000000  0.000000
58.083333  0.000000
58.166667  0.000000
58.250000  0.000000
58.333333  0.000000
58.416667  0.000000
58.500000  0.000000
58.583333  0.000000
58.666667  0.000000
58.750000  0.000000
58.833333  0.000000
58.916667  0.000000
59.000000  0.000000
59.083333  0.000000
59.166667  0.000000
59.250000  0.000000
59.333333  0.000000
59.416667  0.000000
59.500000  0.000000
59.583333  0.000000
59.666667  0.000000
59.750000  0.000000
59.833333  0.000000
59.916667  0.000000
60.000000  0.000000
60.083333  0.000000
60.166667  0.000000
60.250000  0.000000
60.333333  0.000000
60.416667  0.000000
60.500000  0.000000
60.583333  0.000000
60.666667  0.000000
60.750000  0.000000
60.833333  0.000000
60.916667  0.000000
61.000000  0.000000
61.083333  0.000000
61.166667  0.000000
61.250000  0.000000
61.333333  0.000000
61.416667  0.000000
61.500000  0.000000
61.583333  0.000000
61.666667  0.000000
61.750000  0.000000
61.833333  0.000000
61.916667  0.000000
62.000000  0.000000
62.083333  0.000000
62.166667  0.000000
62.250000  0.000000
62.333333  0.000000
62.416667  0.000000
62.500000  0.000000
62.583333  0.000000
62.666667  0.000000
62.750000  0.000000
62.833333  0.000000
62.916667  0.000000
63.000000  0.000000
63.083333  0.000000
63.166667  0.000000
63.250000  0.000000
63.333333  0.000000
63.416667  0.000000
63.500000  0.000000
63.583333  0.000000
63.666667  0.000000
63.750000  0.000000
63.833333  0.000000
63.916667  0.000000
64.000000  0.000000
64.083333  0.000000
64.166667  0.000000
64.250000  0.000000
64.333333  0.000000
64.416667  0.000000
64.500000  0.000000
64.583333  0.000000
64.666667  0.000000
64.750000  0.000000
64.833333  0.000000
64.916667  0.000000
65.000000  0.000000
65.083333  0.000000
65.166667  0.000000
65.250000  0.000000
65.333333  0.000000
65.416667  0.000000
65.500000  0.000000
65.583333  0.000000
65.666667  0.000000
65.750000  0.000000
65.833333  0.000000
65.916667  0.000000
66.000000  0.000000
66.083333  0.000000
66.166667  0.000000
66.250000  0.000000
66.333333  0.000000
66.416667  0.000000
66.500000  0.000000
66.583333  0.000000
66.666667  0.000000
66.750000  0.000000
66.833333  0.000000
66.916667  0.000000
67.000000  0.000000
67.083333  0.000000
67.166667  0.000000
67.250000  0.000000
67.333333  0.000000
67.416667  0.000000
67.500000  0.000000
67.583333  0.000000
67.666667  0.000000
67.750000  0.000000
67.833333  0.000000
67.916667  0.000000
68.000000  0.000000
68.083333  0.000000
68.166667  0.000000
68.250000  0.000000
68.333333  0.000000
68.416667  0.000000
68.500000  0.000000
68.583333  0.000000
68.666667  0.000000
68.750000  0.000000
68.833333  0.000000
68.916667  0.000000
69.000000  0.000000
69.083333  0.000000
69.166667  0.000000
69.250000  0.000000
69.333333  0.000000
69.416667  0.000000
69.500000  0.000000
69.583333  0.000000
69.666667  0.000000
69.750000  0.000000
69.833333  0.000000
69.916667  0.000000
70.000000  0.000000
70.083333  0.000000
70.166667  0.000000
70.250000  0.000000
70.333333  0.000000
70.416667  0.000000
70.500000  0.000000
70.583333  0.000000
70.666667  0.000000
70.750000  0.000000
70.833333  0.000000
70.916667  0.000000
71.000000  0.000000
71.083333  0.000000
71.166667  0.000000
71.250000  0.000000
71.333333  0.000000
71.416667  0.000000
71.500000  0.000000
71.583333  0.000000
71.666667  0.000000
71.750000  0.000000
71.833333  0.000000
71.916667  0.000000
72.000000  0.000000
72.083333  0.000000
72.166667  0.000000
72.250000  0.000000
72.333333  0.000000
72.416667  0.000000
72.500000  0.000000
72.583333  0.000000
72.666667  0.000000
72.750000  0.000000
72.833333  0.000000
72.916667  0.000000
73.000000  0.000000
73.083333  0.000000
73.166667  0.000000
73.250000  0.000000
73.333333  0.000000
73.416667  0.000000
73.500000  0.000000
73.583333  0.000000
73.666667  0.000000
73.750000  0.000000
73.833333  0.000000
73.916667  0.000000
74.000000  0.000000
74.083333  0.000000
74.166667  0.000000
74.250000  0.000000
74.333333  0.000000
74.416667  0.000000
74.500000  0.000000
74.583333  0.000000
74.666667  0.000000
74.750000  0.000000
74.833333  0.000000
74.916667  0.000000
75.000000  0.000000
75.083333  0.000000
75.166667  0.000000
75.250000  0.000000
75.333333  0.000000
75.416667  0.000000
75.500000  0.000000
75.583333  0.000000
75.666667  0.000000
75.750000  0.000000
75.833333  0.000000
75.916667  0.000000
76.000000  0.000000
76.083333  0.000000
76.166667  0.000000
76.250000  0.000000
76.333333  0.000000
76.416667  0.000000
76.500000  0.000000
76.583333  0.000000
76.666667  0.000000
76.750000  0.000000
76.833333  0.000000
76.916667  0.000000
77.000000  0.000000
77.083333  0.000000
77.166667  0.000000
77.250000  0.000000
77.333333  0.000000
77.416667  0.000000
77.500000  0.000000
77.583333  0.000000
77.666667  0.000000
77.750000  0.000000
77.833333  0.000000
77.916667  0.000000
78.000000  0.000000
78.083333  0.000000
78.166667  0.000000
78.250000  0.000000
78.333333  0.000000
78.416667  0.000000
78.500000  0.000000
78.583333  0.000000
78.666667  0.000000
78.750000  0.000000
78.833333  0.000000
78.916667  0.000000
79.000000  0.000000
79.083333  0.000000
79.166667  0.000000
79.250000  0.000000
79.333333  0.000000
79.416667  0.000000
79.500000  0.000000
79.583333  0.000000
79.666667  0.000000
79.750000  0.000000
79.833333  0.000000
79.916667  0.000000
80.000000  0.000000
80.083333  0.000000
80.166667  0.000000
80.250000  0.000000
80.333333  0.000000
80.416667  0.000000
80.500000  0.000000
80.583333  0.000000
80.666667  0.000000
80.750000  0.000000
80.833333  0.000000
80.916667  0.000000
81.000000  0.000000
81.083333  0.000000
81.166667  0.000000
81.250000  0.000000
81.333333  0.000000
81.416667  0.000000
81.500000  0.000000
81.583333  0.000000
81.666667  0.000000
81.750000  0.000000
81.833333  0.000000
81.916667  0.000000
82.000000  0.000000
82.083333  0.000000
82.166667  0.000000
82.250000  0.000000
82.333333  0.000000
82.416667  0.000000
82.500000  0.000000
82.583333  0.000000
82.666667  0.000000
82.750000  0.000000
82.833333  0.000000
82.916667  0.000000
83.000000  0.000000
83.083333  0.000000
83.166667  0.000000
83.250000  0.000000
83.333333  0.000000
83.416667  0.000000
83.500000  0.000000
83.583333  0.000000
83.666667  0.000000
83.750000  0.000000
83.833333  0.000000
83.916667  0.000000
84.000000  0.000000
84.083333  0.000000
84.166667  0.000000
84.250000  0.000000
84.333333  0.000000
84.416667  0.000000
84.500000  0.000000
84.583333  0.000000
84.666667  0.000000
84.750000  0.000000
84.833333  0.000000
84.916667  0.000000
85.000000  0.000000
85.083333  0.000000
85.166667  0.000000
85.250000  0.000000
85.333333  0.000000
85.416667  0.000000
85.500000  0.000000
85.583333  0.000000
85.666667  0.000000
85.750000  0.000000
85.833333  0.000000
85.916667  0.000000
86.000000  0.000000
86.083333  0.000000
86.166667  0.000000
86.250000  0.000000
86.333333  0.000000
86.416667  0.000000
86.500000  0.000000
86.583333  0.000000
86.666667  0.000000
86.750000  0.000000
86.833333  0.000000
86.916667  0.000000
87.000000  0.000000
87.083333  0.000000
87.166667  0.000000
87.250000  0.000000
87.333333  0.000000
87.416667  0.000000
87.500000  0.000000
87.583333  0.000000
87.666667  0.000000
87.750000  0.000000
87.833333  0.000000
87.916667  0.000000
88.000000  0.000000
88.083333  0.000000
88.166667  0.000000
88.250000  0.000000
88.333333  0.000000
88.416667  0.000000
88.500000  0.000000
88.583333  0.000000
88.666667  0.000000
88.750000  0.000000
88.833333  0.000000
88.916667  0.000000
89.000000  0.000000
89.083333  0.000000
89.166667  0.000000
89.250000  0.000000
89.333333  0.000000
89.416667  0.000000
89.500000  0.000000
89.583333  0.000000
89.666667  0.000000
89.750000  0.000000
89.833333  0.000000
89.916667  0.000000
90.000000  0.000000
90.083333  0.000000
90.166667  0.000000
90.250000  0.000000
90.333333  0.000000
90.416667  0.000000
90.500000  0.000000
90.583333  0.000000
90.666667  0.000000
90.750000  0.000000
90.833333  0.000000
90.916667  0.000000
91.000000  0.000000
91.083333  0.000000
91.166667  0.000000
91.250000  0.000000
91.333333  0.000000
91.416667  0.000000
91.500000  0.000000
91.583333  0.000000
91.666667  0.000000
91.750000  0.000000
91.833333  0.000000
91.916667  0.000000
92.000000  0.000000
92.083333  0.000000
92.166667  0.000000
92.250000  0.000000
92.333333  0.000000
92.416667  0.000000
92.500000  0.000000
92.583333  0.000000
92.666667  0.000000
92.750000  0.000000
92.833333  0.000000
92.916667  0.000000
93.000000  0.000000
93.083333  0.000000
93.166667  0.000000
93.250000  0.000000
93.333333  0.000000
93.416667  0.000000
93.500000  0.000000
93.583333  0.000000
93.666667  0.000000
93.750000  0.000000
93.833333  0.000000
93.916667  0.000000
94.000000  0.000000
94.083333  0.000000
94.166667  0.000000
94.250000  0.000000
94.333333  0.000000
94.416667  0.000000
94.500000  0.000000
94.583333  0.000000
94.666667  0.000000
94.750000  0.000000
94.833333  0.000000
94.916667  0.000000
95.000000  0.000000
95.083333  0.000000
95.166667  0.000000
95.250000  0.000000
95.333333  0.000000
95.416667  0.000000
95.500000  0.000000
95.583333  0.000000
95.666667  0.000000
95.750000  0.000000
95.833333  0.000000
95.916667  0.000000
96.000000  0.000000
96.083333  0.000000
96.166667  0.000000
96.250000  0.000000
96.333333  0.000000
96.416667  0.000000
96.500000  0.000000
96.583333  0.000000
96.666667  0.000000
96.750000  0.000000
96.833333  0.000000
96.916667  0.000000
97.000000  0.000000
97.083333  0.000000
97.166667  0.000000
97.250000  0.000000
97.333333  0.000000
97.416667  0.000000
97.500000  0.000000
97.583333  0.000000
97.666667  0.000000
97.750000  0.000000
97.833333  0.000000
97.916667  0.000000
98.000000  0.000000
98.083333  0.000000
98.166667  0.000000
98.250000  0.000000
98.333333  0.000000
98.416667  0.000000
98.500000  0.000000
98.583333  0.000000
98.666667  0.000000
98.750000  0.000000
98.833333  0.000000
98.916667  0.000000
99.000000  0.000000
99.083333  0.000000
99.166667  0.000000
99.250000  0.000000
99.333333  0.000000
99.416667  0.000000
99.500000  0.000000
99.583333  0.000000
99.666667  0.000000
99.750000  0.000000
99.833333  0.000000
99.916667  0.000000
100.000000  0.000000
100.083333  0.000000
100.166667  0.000000
100.250000  0.000000
100.333333  0.000000
100.416667  0.000000
100.500000  0.000000
100.583333  0.000000
100.666667  0.000000
100.750000  0.000000
100.833333  0.000000
100.916667  0.000000
101.000000  0.000000
101.083333  0.000000
101.166667  0.000000
101.250000  0.000000
101.333333  0.000000
101.416667  0.000000
101.500000  0.000000
101.583333  0.000000
101.666667  0.000000
101.750000  0.000000
101.833333  0.000000
101.916667  0.000000
102.000000  0.000000
102.083333  0.000000
102.166667  0.000000
102.250000  0.000000
102.333333  0.000000
102.416667  0.000000
102.500000  0.000000
102.583333  0.000000
102.666667  0.000000
102.750000  0.000000
102.833333  0.000000
102.916667  0.000000
103.000000  0.000000
103.083333  0.000000
103.166667  0.000000
103.250000  0.000000
103.333333  0.000000
103.416667  0.000000
103.500000  0.000000
103.583333  0.000000
103.666667  0.000000
103.750000  0.000000
103.833333  0.000000
103.916667  0.000000
104.000000  0.000000
104.083333  0.000000
104.166667  0.000000
104.250000  0.000000
104.333333  0.000000
104.416667  0.000000
104.500000  0.000000
104.583333  0.000000
104.666667  0.000000
104.750000  0.000000
104.833333  0.000000
104.916667  0.000000
105.000000  0.000000
105.083333  0.000000
105.166667  0.000000
105.250000  0.000000
105.333333  0.000000
105.416667  0.000000
105.500000  0.000000
105.583333  0.000000
105.666667  0.000000
105.750000  0.000000
105.833333  0.000000
105.916667  0.000000
106.000000  0.000000
106.083333  0.000000
106.166667  0.000000
106.250000  0.000000
106.333333  0.000000
106.416667  0.000000
106.500000  0.000000
106.583333  0.000000
106.666667  0.000000
106.750000  0.000000
106.833333  0.000000
106.916667  0.000000
107.000000  0.000000
107.083333  0.000000
107.166667  0.000000
107.250000  0.000000
107.333333  0.000000
107.416667  0.000000
107.500000  0.000000
107.583333  0.000000
107.666667  0.000000
107.750000  0.000000
107.833333  0.000000
107.916667  0.000000
108.000000  0.000000
108.083333  0.000000
108.166667  0.000000
108.250000  0.000000
108.333333  0.000000
108.416667  0.000000
108.500000  0.000000
108.583333  0.000000
108.666667  0.000000
108.750000  0.000000
108.833333  0.000000
108.916667  0.000000
109.000000  0.000000
109.083333  0.000000
109.166667  0.000000
109.250000  0.000000
109.333333  0.000000
109.416667  0.000000
109.500000  0.000000
109.583333  0.000000
109.666667  0.000000
109.750000  0.000000
109.833333  0.000000
109.916667  0.000000
110.000000  0.000000
110.083333  0.000000
110.166667  0.000000
110.250000  0.000000
110.333333  0.000000
110.416667  0.000000
110.500000  0.000000
110.583333  0.000000
110.666667  0.000000
110.750000  0.000000
110.833333  0.000000
110.916667  0.000000
111.000000  0.000000
111.083333  0.000000
111.166667  0.000000
111.250000  0.000000
111.333333  0.000000
111.416667  0.000000
111.500000  0.000000
111.583333  0.000000
111.666667  0.000000
111.750000  0.000000
111.833333  0.000000
111.916667  0.000000
112.000000  0.000000
112.083333  0.000000
112.166667  0.000000
112.250000  0.000000
112.333333  0.000000
112.416667  0.000000
112.500000  0.000000
112.583333  0.000000
112.666667  0.000000
112.750000  0.000000
112.833333  0.000000
112.916667  0.000000
113.000000  0.000000
113.083333  0.000000
113.166667  0.000000
113.250000  0.000000
113.333333  0.000000
113.416667  0.000000
113.500000  0.000000
113.583333  0.000000
113.666667  0.000000
113.750000  0.000000
113.833333  0.000000
113.916667  0.000000
114.000000  0.000000
114.083333  0.000000
114.166667  0.000000
114.250000  0.000000
114.333333  0.000000
114.416667  0.000000
114.500000  0.000000
114.583333  0.000000
114.666667  0.000000
114.750000  0.000000
114.833333  0.000000
114.916667  0.000000
115.000000  0.000000
115.083333  0.000000
115.166667  0.000000
115.250000  0.000000
115.333333  0.000000
115.416667  0.000000
115.500000  0.000000
115.583333  0.000000
115.666667  0.000000
115.750000  0.000000
115.833333  0.000000
115.916667  0.000000
116.000000  0.000000
116.083333  0.000000
116.166667  0.000000
116.250000  0.000000
116.333333  0.000000
116.416667  0.000000
116.500000  0.000000
116.583333  0.000000
116.666667  0.000000
116.750000  0.000000
116.833333  0.000000
116.916667  0.000000
117.000000  0.000000
117.083333  0.000000
117.166667  0.000000
117.250000  0.000000
117.333333  0.000000
117.416667  0.000000
117.500000  0.000000
117.583333  0.000000
117.666667  0.000000
117.750000  0.000000
117.833333  0.000000
117.916667  0.000000
118.000000  0.000000
118.083333  0.000000
118.166667  0.000000
118.250000  0.000000
118.333333  0.000000
118.416667  0.000000
118.500000  0.000000
118.583333  0.000000
118.666667  0.000000
118.750000  0.000000
118.833333  0.000000
118.916667  0.000000
119.000000  0.000000
119.083333  0.000000
119.166667  0.000000
119.250000  0.000000
119.333333  0.000000
119.416667  0.000000
119.500000  0.000000
119.583333  0.000000
119.666667  0.000000
119.750000  0.000000
119.833333  0.000000
119.916667  0.000000
120.000000  0.000000
120.083333  0.000000
120.166667  0.000000
120.250000  0.000000
120.333333  0.000000
120.416667  0.000000
120.500000  0.000000
120.583333  0.000000
120.666667  0.000000
120.750000  0.000000
120.833333  0.000000
120.916667  0.000000
121.000000  0.000000
121.083333  0.000000
121.166667  0.000000
121.250000  0.000000
121.333333  0.000000
121.416667  0.000000
121.500000  0.000000
121.583333  0.000000
121.666667  0.000000
121.750000  0.000000
121.833333  0.000000
121.916667  0.000000
122.000000  0.000000
122.083333  0.000000
122.166667  0.000000
122.250000  0.000000
122.333333  0.000000
122.416667  0.000000
122.500000  0.000000
122.583333  0.000000
122.666667  0.000000
122.750000  0.000000
122.833333  0.000000
122.916667  0.000000
123.000000  0.000000
123.083333  0.000000
123.166667  0.000000
123.250000  0.000000
123.333333  0.000000
123.416667  0.000000
123.500000  0.000000
123.583333  0.000000
123.666667  0.000000
123.750000  0.000000
123.833333  0.000000
123.916667  0.000000
124.000000  0.000000
124.083333  0.000000
124.166667  0.000000
124.250000  0.000000
124.333333  0.000000
124.416667  0.000000
124.500000  0.000000
124.583333  0.000000
124.666667  0.000000
124.750000  0.000000
124.833333  0.000000
124.916667  0.000000
125.000000  0.000000
125.083333  0.000000
125.166667  0.000000
125.250000  0.000000
125.333333  0.000000
125.416667  0.000000
125.500000  0.000000
125.583333  0.000000
125.666667  0.000000
125.750000  0.000000
125.833333  0.000000
125.916667  0.000000
126.000000  0.000000
126.083333  0.000000
126.166667  0.000000
126.250000  0.000000
126.333333  0.000000
126.416667  0.000000
126.500000  0.000000
126.583333  0.000000
126.666667  0.000000
126.750000  0.000000
126.833333  0.000000
126.916667  0.000000
127.000000  0.000000
127.083333  0.000000
127.166667  0.000000
127.250000  0.000000
127.333333  0.000000
127.416667  0.000000
127.500000  0.000000
127.583333  0.000000
127.666667  0.000000
127.750000  0.000000
127.833333  0.000000
127.916667  0.000000
128.000000  0.000000
128.083333  0.000000
128.166667  0.000000
128.250000  0.000000
128.333333  0.000000
128.416667  0.000000
128.500000  0.000000
128.583333  0.000000
128.666667  0.000000
128.750000  0.000000
128.833333  0.000000
128.916667  0.000000
129.000000  0.000000
129.083333  0.000000
129.166667  0.000000
129.250000  0.000000
129.333333  0.000000
129.416667  0.000000
129.500000  0.000000
129.583333  0.000000
129.666667  0.000000
129.750000  0.000000
129.833333  0.000000
129.916667  0.000000
130.000000  0.000000
130.083333  0.000000
130.166667  0.000000
130.250000  0.000000
130.333333  0.000000
130.416667  0.000000
130.500000  0.000000
130.583333  0.000000
130.666667  0.000000
130.750000  0.000000
130.833333  0.000000
130.916667  0.000000
131.000000  0.000000
131.083333  0.000000
131.166667  0.000000
131.250000  0.000000
131.333333  0.000000
131.416667  0.000000
131.500000  0.000000
131.583333  0.000000
131.666667  0.000000
131.750000  0.000000
131.833333  0.000000
131.916667  0.000000
132.000000  0.000000
132.083333  0.000000
132.166667  0.000000
132.250000  0.000000
132.333333  0.000000
132.416667  0.000000
132.500000  0.000000
132.583333  0.000000
132.666667  0.000000
132.750000  0.000000
132.833333  0.000000
132.916667  0.000000
133.000000  0.000000
133.083333  0.000000
133.166667  0.000000
133.250000  0.000000
133.333333  0.000000
133.416667  0.000000
133.500000  0.000000
133.583333  0.000000
133.666667  0.000000
133.750000  0.000000
133.833333  0.000000
133.916667  0.000000
134.000000  0.000000
134.083333  0.000000
134.166667  0.000000
134.250000  0.000000
134.333333  0.000000
134.416667  0.000000
134.500000  0.000000
134.583333  0.000000
134.666667  0.000000
134.750000  0.000000
134.833333  0.000000
134.916667  0.000000
135.000000  0.000000
135.083333  0.000000
135.166667  0.000000
135.250000  0.000000
135.333333  0.000000
135.416667  0.000000
135.500000  0.000000
135.583333  0.000000
135.666667  0.000000
135.750000  0.000000
135.833333  0.000000
135.916667  0.000000
136.000000  0.000000
136.083333  0.000000
136.166667  0.000000
136.250000  0.000000
136.333333  0.000000
136.416667  0.000000
136.500000  0.000000
136.583333  0.000000
136.666667  0.000000
136.750000  0.000000
136.833333  0.000000
136.916667  0.000000
137.000000  0.000000
137.083333  0.000000
137.166667  0.000000
137.250000  0.000000
137.333333  0.000000
137.416667  0.000000
137.500000  0.000000
137.583333  0.000000
137.666667  0.000000
137.750000  0.000000
137.833333  0.000000
137.916667  0.000000
138.000000  0.000000
138.083333  0.000000
138.166667  0.000000
138.250000  0.000000
138.333333  0.000000
138.416667  0.000000
138.500000  0.000000
138.583333  0.000000
138.666667  0.000000
138.750000  0.000000
138.833333  0.000000
138.916667  0.000000
139.000000  0.000000
139.083333  0.000000
139.166667  0.000000
139.250000  0.000000
139.333333  0.000000
139.416667  0.000000
139.500000  0.000000
139.583333  0.000000
139.666667  0.000000
139.750000  0.000000
139.833333  0.000000
139.916667  0.000000
140.000000  0.000000
140.083333  0.000000
140.166667  0.000000
140.250000  0.000000
140.333333  0.000000
140.416667  0.000000
140.500000  0.000000
140.583333  0.000000
140.666667  0.000000
140.750000  0.000000
140.833333  0.000000
140.916667  0.000000
141.000000  0.000000
141.083333  0.000000
141.166667  0.000000
141.250000  0.000000
141.333333  0.000000
141.416667  0.000000
141.500000  0.000000
141.583333  0.000000
141.666667  0.000000
141.750000  0.000000
141.833333  0.000000
141.916667  0.000000
142.000000  0.000000
142.083333  0.000000
142.166667  0.000000
142.250000  0.000000
142.333333  0.000000
142.416667  0.000000
142.500000  0.000000
142.583333  0.000000
142.666667  0.000000
142.750000  0.000000
142.833333  0.000000
142.916667  0.000000
143.000000  0.000000
143.083333  0.000000
143.166667  0.000000
143.250000  0.000000
143.333333  0.000000
143.416667  0.000000
143.500000  0.000000
143.583333  0.000000
143.666667  0.000000
143.750000  0.000000
143.833333  0.000000
143.916667  0.000000
144.000000  0.000000
144.083333  0.000000
144.166667  0.000000
144.250000  0.000000
144.333333  0.000000
144.416667  0.000000
144.500000  0.000000
144.583333  0.000000
144.666667  0.000000
144.750000  0.000000
144.833333  0.000000
144.916667  0.000000
145.000000  0.000000
145.083333  0.000000
145.166667  0.000000
145.250000  0.000000
145.333333  0.000000
145.416667  0.000000
145.500000  0.000000
145.583333  0.000000
145.666667  0.000000
145.750000  0.000000
145.833333  0.000000
145.916667  0.000000
146.000000  0.000000
146.083333  0.000000
146.166667  0.000000
146.250000  0.000000
146.333333  0.000000
146.416667  0.000000
146.500000  0.000000
146.583333  0.000000
146.666667  0.000000
146.750000  0.000000
146.833333  0.000000
146.916667  0.000000
147.000000  0.000000
147.083333  0.000000
147.166667  0.000000
147.250000  0.000000
147.333333  0.000000
147.416667  0.000000
147.500000  0.000000
147.583333  0.000000
147.666667  0.000000
147.750000  0.000000
147.833333  0.000000
147.916667  0.000000
148.000000  0.000000
148.083333  0.000000
148.166667  0.000000
148.250000  0.000000
148.333333  0.000000
148.416667  0.000000
148.500000  0.000000
148.583333  0.000000
148.666667  0.000000
148.750000  0.000000
148.833333  0.000000
148.916667  0.000000
149.000000  0.000000
149.083333  0.000000
149.166667  0.000000
149.250000  0.000000
149.333333  0.000000
149.416667  0.000000
149.500000  0.000000
149.583333  0.000000
149.666667  0.000000
149.750000  0.000000
149.833333  0.000000
149.916667  0.000000
150.000000  0.000000
150.083333  0.000000
150.166667  0.000000
150.250000  0.000000
150.333333  0.000000
150.416667  0.000000
150.500000  0.000000
150.583333  0.000000
150.666667  0.000000
150.750000  0.000000
150.833333  0.000000
150.916667  0.000000
151.000000  0.000000
151.083333  0.000000
151.166667  0.000000
151.250000  0.000000
151.333333  0.000000
151.416667  0.000000
151.500000  0.000000
151.583333  0.000000
151.666667  0.000000
151.750000  0.000000
151.833333  0.000000
151.916667  0.000000
152.000000  0.000000
152.083333  0.000000
152.166667  0.000000
152.250000  0.000000
152.333333  0.000000
152.416667  0.000000
152.500000  0.000000
152.583333  0.000000
152.666667  0.000000
152.750000  0.000000
152.833333  0.000000
152.916667  0.000000
153.000000  0.000000
153.083333  0.000000
153.166667  0.000000
153.250000  0.000000
153.333333  0.000000
153.416667  0.000000
153.500000  0.000000
153.583333  0.000000
153.666667  0.000000
153.750000  0.000000
153.833333  0.000000
153.916667  0.000000
154.000000  0.000000
154.083333  0.000000
154.166667  0.000000
154.250000  0.000000
154.333333  0.000000
154.416667  0.000000
154.500000  0.000000
154.583333  0.000000
154.666667  0.000000
154.750000  0.000000
154.833333  0.000000
154.916667  0.000000
155.000000  0.000000
155.083333  0.000000
155.166667  0.000000
155.250000  0.000000
155.333333  0.000000
155.416667  0.000000
155.500000  0.000000
155.583333  0.000000
155.666667  0.000000
155.750000  0.000000
155.833333  0.000000
155.916667  0.000000
156.000000  0.000000
156.083333  0.000000
156.166667  0.000000
156.250000  0.000000
156.333333  0.000000
156.416667  0.000000
156.500000  0.000000
156.583333  0.000000
156.666667  0.000000
156.750000  0.000000
156.833333  0.000000
156.916667  0.000000
157.000000  0.000000
157.083333  0.000000
157.166667  0.000000
157.250000  0.000000
157.333333  0.000000
157.416667  0.000000
157.500000  0.000000
157.583333  0.000000
157.666667  0.000000
157.750000  0.000000
157.833333  0.000000
157.916667  0.000000
158.000000  0.000000
158.083333  0.000000
158.166667  0.000000
158.250000  0.000000
158.333333  0.000000
158.416667  0.000000
158.500000  0.000000
158.583333  0.000000
158.666667  0.000000
158.750000  0.000000
158.833333  0.000000
158.916667  0.000000
159.000000  0.000000
159.083333  0.000000
159.166667  0.000000
159.250000  0.000000
159.333333  0.000000
159.416667  0.000000
159.500000  0.000000
159.583333  0.000000
159.666667  0.000000
159.750000  0.000000
159.833333  0.000000
159.916667  0.000000
160.000000  0.000000
160.083333  0.000000
160.166667  0.000000
160.250000  0.000000
160.333333  0.000000
160.416667  0.000000
160.500000  0.000000
160.583333  0.000000
160.666667  0.000000
160.750000  0.000000
160.833333  0.000000
160.916667  0.000000
161.000000  0.000000
161.083333  0.000000
161.166667  0.000000
161.250000  0.000000
161.333333  0.000000
161.416667  0.000000
161.500000  0.000000
161.583333  0.000000
161.666667  0.000000
161.750000  0.000000
161.833333  0.000000
161.916667  0.000000
162.000000  0.000000
162.083333  0.000000
162.166667  0.000000
162.250000  0.000000
162.333333  0.000000
162.416667  0.000000
162.500000  0.000000
162.583333  0.000000
162.666667  0.000000
162.750000  0.000000
162.833333  0.000000
162.916667  0.000000
163.000000  0.000000
163.083333  0.000000
163.166667  0.000000
163.250000  0.000000
163.333333  0.000000
163.416667  0.000000
163.500000  0.000000
163.583333  0.000000
163.666667  0.000000
163.750000  0.000000
163.833333  0.000000
163.916667  0.000000
164.000000  0.000000
164.083333  0.000000
164.166667  0.000000
164.250000  0.000000
164.333333  0.000000
164.416667  0.000000
164.500000  0.000000
164.583333  0.000000
164.666667  0.000000
164.750000  0.000000
164.833333  0.000000
164.916667  0.000000
165.000000  0.000000
165.083333  0.000000
165.166667  0.000000
165.250000  0.000000
165.333333  0.000000
165.416667  0.000000
165.500000  0.000000
165.583333  0.000000
165.666667  0.000000
165.750000  0.000000
165.833333  0.000000
165.916667  0.000000
166.000000  0.000000
166.083333  0.000000
166.166667  0.000000
166.250000  0.000000
166.333333  0.000000
166.416667  0.000000
166.500000  0.000000
166.583333  0.000000
166.666667  0.000000
166.750000  0.000000
166.833333  0.000000
166.916667  0.000000
167.000000  0.000000
167.083333  0.000000
167.166667  0.000000
167.250000  0.000000
167.333333  0.000000
167.416667  0.000000
167.500000  0.000000
167.583333  0.000000
167.666667  0.000000
167.750000  0.000000
167.833333  0.000000
167.916667  0.000000
168.000000  0.000000
168.083333  0.000000
168.166667  0.000000
168.250000  0.000000
168.333333  0.000000
168.416667  0.000000
168.500000  0.000000
168.583333  0.000000
168.666667  0.000000
168.750000  0.000000
168.833333  0.000000
168.916667  0.000000
169.000000  0.000000
169.083333  0.000000
169.166667  0.000000
169.250000  0.000000
169.333333  0.000000
169.416667  0.000000
169.500000  0.000000
169.583333  0.000000
169.666667  0.000000
169.750000  0.000000
169.833333  0.000000
169.916667  0.000000
170.000000  0.000000
170.083333  0.000000
170.166667  0.000000
170.250000  0.000000
170.333333  0.000000
170.416667  0.000000
170.500000  0.000000
170.583333  0.000000
170.666667  0.000000
170.750000  0.000000
170.833333  0.000000
170.916667  0.000000
171.000000  0.000000
171.083333  0.000000
171.166667  0.000000
171.250000  0.000000
171.333333  0.000000
171.416667  0.000000
171.500000  0.000000
171.583333  0.000000
171.666667  0.000000
171.750000  0.000000
171.833333  0.000000
171.916667  0.000000
172.000000  0.000000
172.083333  0.000000
172.166667  0.000000
172.250000  0.000000
172.333333  0.000000
172.416667  0.000000
172.500000  0.000000
172.583333  0.000000
172.666667  0.000000
172.750000  0.000000
172.833333  0.000000
172.916667  0.000000
173.000000  0.000000
173.083333  0.000000
173.166667  0.000000
173.250000  0.000000
173.333333  0.000000
173.416667  0.000000
173.500000  0.000000
173.583333  0.000000
173.666667  0.000000
173.750000  0.000000
173.833333  0.000000
173.916667  0.000000
174.000000  0.000000
174.083333  0.000000
174.166667  0.000000
174.250000  0.000000
174.333333  0.000000
174.416667  0.000000
174.500000  0.000000
174.583333  0.000000
174.666667  0.000000
174.750000  0.000000
174.833333  0.000000
174.916667  0.000000
175.000000  0.000000
175.083333  0.000000
175.166667  0.000000
175.250000  0.000000
175.333333  0.000000
175.416667  0.000000
175.500000  0.000000
175.583333  0.000000
175.666667  0.000000
175.750000  0.000000
175.833333  0.000000
175.916667  0.000000
176.000000  0.000000
176.083333  0.000000
176.166667  0.000000
176.250000  0.000000
176.333333  0.000000
176.416667  0.000000
176.500000  0.000000
176.583333  0.000000
176.666667  0.000000
176.750000  0.000000
176.833333  0.000000
176.916667  0.000000
177.000000  0.000000
177.083333  0.000000
177.166667  0.000000
177.250000  0.000000
177.333333  0.000000
177.416667  0.000000
177.500000  0.000000
177.583333  0.000000
177.666667  0.000000
177.750000  0.000000
177.833333  0.000000
177.916667  0.000000
178.000000  0.000000
178.083333  0.000000
178.166667  0.000000
178.250000  0.000000
178.333333  0.000000
178.416667  0.000000
178.500000  0.000000
178.583333  0.000000
178.666667  0.000000
178.750000  0.000000
178.833333  0.000000
178.916667  0.000000
179.000000  0.000000
179.083333  0.000000
179.166667  0.000000
179.250000  0.000000
179.333333  0.000000
179.416667  0.000000
179.500000  0.000000
179.583333  0.000000
179.666667  0.000000
179.750000  0.000000
179.833333  0.000000
179.916667  0.000000
180.000000  0.000000
180.083333  0.000000
180.166667  0.000000
180.250000  0.000000
180.333333  0.000000
180.416667  0.000000
180.500000  0.000000
180.583333  0.000000
180.666667  0.000000
180.750000  0.000000
180.833333  0.000000
180.916667  0.000000
181.000000  0.000000
181.083333  0.000000
181.166667  0.000000
181.250000  0.000000
181.333333  0.000000
181.416667  0.000000
181.500000  0.000000
181.583333  0.000000
181.666667  0.000000
181.750000  0.000000
181.833333  0.000000
181.916667  0.000000
182.000000  0.000000
182.083333  0.000000
182.166667  0.000000
182.250000  0.000000
182.333333  0.000000
182.416667  0.000000
182.500000  0.000000
182.583333  0.000000
182.666667  0.000000
182.750000  0.000000
182.833333  0.000000
182.916667  0.000000
183.000000  0.000000
183.083333  0.000000
183.166667  0.000000
183.250000  0.000000
183.333333  0.000000
183.416667  0.000000
183.500000  0.000000
183.583333  0.000000
183.666667  0.000000
183.750000  0.000000
183.833333  0.000000
183.916667  0.000000
184.000000  0.000000
184.083333  0.000000
184.166667  0.000000
184.250000  0.000000
184.333333  0.000000
184.416667  0.000000
184.500000  0.000000
184.583333  0.000000
184.666667  0.000000
184.750000  0.000000
184.833333  0.000000
184.916667  0.000000
185.000000  0.000000
185.083333  0.000000
185.166667  0.000000
185.250000  0.000000
185.333333  0.000000
185.416667  0.000000
185.500000  0.000000
185.583333  0.000000
185.666667  0.000000
185.750000  0.000000
185.833333  0.000000
185.916667  0.000000
186.000000  0.000000
186.083333  0.000000
186.166667  0.000000
186.250000  0.000000
186.333333  0.000000
186.416667  0.000000
186.500000  0.000000
186.583333  0.000000
186.666667  0.000000
186.750000  0.000000
186.833333  0.000000
186.916667  0.000000
187.000000  0.000000
187.083333  0.000000
187.166667  0.000000
187.250000  0.000000
187.333333  0.000000
187.416667  0.000000
187.500000  0.000000
187.583333  0.000000
187.666667  0.000000
187.750000  0.000000
187.833333  0.000000
187.916667  0.000000
188.000000  0.000000
188.083333  0.000000
188.166667  0.000000
188.250000  0.000000
188.333333  0.000000
188.416667  0.000000
188.500000  0.000000
188.583333  0.000000
188.666667  0.000000
188.750000  0.000000
188.833333  0.000000
188.916667  0.000000
189.000000  0.000000
189.083333  0.000000
189.166667  0.000000
189.250000  0.000000
189.333333  0.000000
189.416667  0.000000
189.500000  0.000000
189.583333  0.000000
189.666667  0.000000
189.750000  0.000000
189.833333  0.000000
189.916667  0.000000
190.000000  0.000000
190.083333  0.000000
190.166667  0.000000
190.250000  0.000000
190.333333  0.000000
190.416667  0.000000
190.500000  0.000000
190.583333  0.000000
190.666667  0.000000
190.750000  0.000000
190.833333  0.000000
190.916667  0.000000
191.000000  0.000000
191.083333  0.000000
191.166667  0.000000
191.250000  0.000000
191.333333  0.000000
191.416667  0.000000
191.500000  0.000000
191.583333  0.000000
191.666667  0.000000
191.750000  0.000000
191.833333  0.000000
191.916667  0.000000
192.000000  0.000000
192.083333  0.000000
192.166667  0.000000
192.250000  0.000000
192.333333  0.000000
192.416667  0.000000
192.500000  0.000000
192.583333  0.000000
192.666667  0.000000
192.750000  0.000000
192.833333  0.000000
192.916667  0.000000
193.000000  0.000000
193.083333  0.000000
193.166667  0.000000
193.250000  0.000000
193.333333  0.000000
193.416667  0.000000
193.500000  0.000000
193.583333  0.000000
193.666667  0.000000
193.750000  0.000000
193.833333  0.000000
193.916667  0.000000
194.000000  0.000000
194.083333  0.000000
194.166667  0.000000
194.250000  0.000000
194.333333  0.000000
194.416667  0.000000
194.500000  0.000000
194.583333  0.000000
194.666667  0.000000
194.750000  0.000000
194.833333  0.000000
194.916667  0.000000
195.000000  0.000000
195.083333  0.000000
195.166667  0.000000
195.250000  0.000000
195.333333  0.000000
195.416667  0.000000
195.500000  0.000000
195.583333  0.000000
195.666667  0.000000
195.750000  0.000000
195.833333  0.000000
195.916667  0.000000
196.000000  0.000000
196.083333  0.000000
196.166667  0.000000
196.250000  0.000000
196.333333  0.000000
196.416667  0.000000
196.500000  0.000000
196.583333  0.000000
196.666667  0.000000
196.750000  0.000000
196.833333  0.000000
196.916667  0.000000
197.000000  0.000000
197.083333  0.000000
197.166667  0.000000
197.250000  0.000000
197.333333  0.000000
197.416667  0.000000
197.500000  0.000000
197.583333  0.000000
197.666667  0.000000
197.750000  0.000000
197.833333  0.000000
197.916667  0.000000
198.000000  0.000000
198.083333  0.000000
198.166667  0.000000
198.250000  0.000000
198.333333  0.000000
198.416667  0.000000
198.500000  0.000000
198.583333  0.000000
198.666667  0.000000
198.750000  0.000000
198.833333  0.000000
198.916667  0.000000
199.000000  0.000000
199.083333  0.000000
199.166667  0.000000
199.250000  0.000000
199.333333  0.000000
199.416667  0.000000
199.500000  0.000000
199.583333  0.000000
199.666667  0.000000
199.750000  0.000000
199.833333  0.000000
199.916667  0.000000
200.000000  0.000000
200.083333  0.000000
200.166667  0.000000
200.250000  0.000000
200.333333  0.000000
200.416667  0.000000
200.500000  0.000000
200.583333  0.000000
200.666667  0.000000
200.750000  0.000000
200.833333  0.000000
200.916667  0.000000
201.000000  0.000000
201.083333  0.000000
201.166667  0.000000
201.250000  0.000000
201.333333  0.000000
201.416667  0.000000
201.500000  0.000000
201.583333  0.000000
201.666667  0.000000
201.750000  0.000000
201.833333  0.000000
201.916667  0.000000
202.000000  0.000000
202.083333  0.000000
202.166667  0.000000
202.250000  0.000000
202.333333  0.000000
202.416667  0.000000
202.500000  0.000000
202.583333  0.000000
202.666667  0.000000
202.750000  0.000000
202.833333  0.000000
202.916667  0.000000
203.000000  0.000000
203.083333  0.000000
203.166667  0.000000
203.250000  0.000000
203.333333  0.000000
203.416667  0.000000
203.500000  0.000000
203.583333  0.000000
203.666667  0.000000
203.750000  0.000000
203.833333  0.000000
203.916667  0.000000
204.000000  0.000000
204.083333  0.000000
204.166667  0.000000
204.250000  0.000000
204.333333  0.000000
204.416667  0.000000
204.500000  0.000000
204.583333  0.000000
204.666667  0.000000
204.750000  0.000000
204.833333  0.000000
204.916667  0.000000
205.000000  0.000000
205.083333  0.000000
205.166667  0.000000
205.250000  0.000000
205.333333  0.000000
205.416667  0.000000
205.500000  0.000000
205.583333  0.000000
205.666667  0.000000
205.750000  0.000000
205.833333  0.000000
205.916667  0.000000
206.000000  0.000000
206.083333  0.000000
206.166667  0.000000
206.250000  0.000000
206.333333  0.000000
206.416667  0.000000
206.500000  0.000000
206.583333  0.000000
206.666667  0.000000
206.750000  0.000000
206.833333  0.000000
206.916667  0.000000
207.000000  0.000000
207.083333  0.000000
207.166667  0.000000
207.250000  0.000000
207.333333  0.000000
207.416667  0.000000
207.500000  0.000000
207.583333  0.000000
207.666667  0.000000
207.750000  0.000000
207.833333  0.000000
207.916667  0.000000
208.000000  0.000000
208.083333  0.000000
208.166667  0.000000
208.250000  0.000000
208.333333  0.000000
208.416667  0.000000
208.500000  0.000000
208.583333  0.000000
208.666667  0.000000
208.750000  0.000000
208.833333  0.000000
208.916667  0.000000
209.000000  0.000000
209.083333  0.000000
209.166667  0.000000
209.250000  0.000000
209.333333  0.000000
209.416667  0.000000
209.500000  0.000000
209.583333  0.000000
209.666667  0.000000
209.750000  0.000000
209.833333  0.000000
209.916667  0.000000
210.000000  0.000000
210.083333  0.000000
210.166667  0.000000
210.250000  0.000000
210.333333  0.000000
210.416667  0.000000
210.500000  0.000000
210.583333  0.000000
210.666667  0.000000
210.750000  0.000000
210.833333  0.000000
210.916667  0.000000
211.000000  0.000000
211.083333  0.000000
211.166667  0.000000
211.250000  0.000000
211.333333  0.000000
211.416667  0.000000
211.500000  0.000000
211.583333  0.000000
211.666667  0.000000
211.750000  0.000000
211.833333  0.000000
211.916667  0.000000
212.000000  0.000000
212.083333  0.000000
212.166667  0.000000
212.250000  0.000000
212.333333  0.000000
212.416667  0.000000
212.500000  0.000000
212.583333  0.000000
212.666667  0.000000
212.750000  0.000000
212.833333  0.000000
212.916667  0.000000
213.000000  0.000000
213.083333  0.000000
213.166667  0.000000
213.250000  0.000000
213.333333  0.000000
213.416667  0.000000
213.500000  0.000000
213.583333  0.000000
213.666667  0.000000
213.750000  0.000000
213.833333  0.000000
213.916667  0.000000
214.000000  0.000000
214.083333  0.000000
214.166667  0.000000
214.250000  0.000000
214.333333  0.000000
214.416667  0.000000
214.500000  0.000000
214.583333  0.000000
214.666667  0.000000
214.750000  0.000000
214.833333  0.000000
214.916667  0.000000
215.000000  0.000000
215.083333  0.000000
215.166667  0.000000
215.250000  0.000000
215.333333  0.000000
215.416667  0.000000
215.500000  0.000000
215.583333  0.000000
215.666667  0.000000
215.750000  0.000000
215.833333  0.000000
215.916667  0.000000
216.000000  0.000000
216.083333  0.000000
216.166667  0.000000
216.250000  0.000000
216.333333  0.000000
216.416667  0.000000
216.500000  0.000000
216.583333  0.000000
216.666667  0.000000
216.750000  0.000000
216.833333  0.000000
216.916667  0.000000
217.000000  0.000000
217.083333  0.000000
217.166667  0.000000
217.250000  0.000000
217.333333  0.000000
217.416667  0.000000
217.500000  0.000000
217.583333  0.000000
217.666667  0.000000
217.750000  0.000000
217.833333  0.000000
217.916667  0.000000
218.000000  0.000000
218.083333  0.000000
218.166667  0.000000
218.250000  0.000000
218.333333  0.000000
218.416667  0.000000
218.500000  0.000000
218.583333  0.000000
218.666667  0.000000
218.750000  0.000000
218.833333  0.000000
218.916667  0.000000
219.000000  0.000000
219.083333  0.000000
219.166667  0.000000
219.250000  0.000000
219.333333  0.000000
219.416667  0.000000
219.500000  0.000000
219.583333  0.000000
219.666667  0.000000
219.750000  0.000000
219.833333  0.000000
219.916667  0.000000
220.000000  0.000000
220.083333  0.000000
220.166667  0.000000
220.250000  0.000000
220.333333  0.000000
220.416667  0.000000
220.500000  0.000000
220.583333  0.000000
220.666667  0.000000
220.750000  0.000000
220.833333  0.000000
220.916667  0.000000
221.000000  0.000000
221.083333  0.000000
221.166667  0.000000
221.250000  0.000000
221.333333  0.000000
221.416667  0.000000
221.500000  0.000000
221.583333  0.000000
221.666667  0.000000
221.750000  0.000000
221.833333  0.000000
221.916667  0.000000
222.000000  0.000000
222.083333  0.000000
222.166667  0.000000
222.250000  0.000000
222.333333  0.000000
222.416667  0.000000
222.500000  0.000000
222.583333  0.000000
222.666667  0.000000
222.750000  0.000000
222.833333  0.000000
222.916667  0.000000
223.000000  0.000000
223.083333  0.000000
223.166667  0.000000
223.250000  0.000000
223.333333  0.000000
223.416667  0.000000
223.500000  0.000000
223.583333  0.000000
223.666667  0.000000
223.750000  0.000000
223.833333  0.000000
223.916667  0.000000
224.000000  0.000000
224.083333  0.000000
224.166667  0.000000
224.250000  0.000000
224.333333  0.000000
224.416667  0.000000
224.500000  0.000000
224.583333  0.000000
224.666667  0.000000
224.750000  0.000000
224.833333  0.000000
224.916667  0.000000
225.000000  0.000000
225.083333  0.000000
225.166667  0.000000
225.250000  0.000000
225.333333  0.000000
225.416667  0.000000
225.500000  0.000000
225.583333  0.000000
225.666667  0.000000
225.750000  0.000000
225.833333  0.000000
225.916667  0.000000
226.000000  0.000000
226.083333  0.000000
226.166667  0.000000
226.250000  0.000000
226.333333  0.000000
226.416667  0.000000
226.500000  0.000000
226.583333  0.000000
226.666667  0.000000
226.750000  0.000000
226.833333  0.000000
226.916667  0.000000
227.000000  0.000000
227.083333  0.000000
227.166667  0.000000
227.250000  0.000000
227.333333  0.000000
227.416667  0.000000
227.500000  0.000000
227.583333  0.000000
227.666667  0.000000
227.750000  0.000000
227.833333  0.000000
227.916667  0.000000
228.000000  0.000000
228.083333  0.000000
228.166667  0.000000
228.250000  0.000000
228.333333  0.000000
228.416667  0.000000
228.500000  0.000000
228.583333  0.000000
228.666667  0.000000
228.750000  0.000000
228.833333  0.000000
228.916667  0.000000
229.000000  0.000000
229.083333  0.000000
229.166667  0.000000
229.250000  0.000000
229.333333  0.000000
229.416667  0.000000
229.500000  0.000000
229.583333  0.000000
229.666667  0.000000
229.750000  0.000000
229.833333  0.000000
229.916667  0.000000
230.000000  0.000000
230.083333  0.000000
230.166667  0.000000
230.250000  0.000000
230.333333  0.000000
230.416667  0.000000
230.500000  0.000000
230.583333  0.000000
230.666667  0.000000
230.750000  0.000000
230.833333  0.000000
230.916667  0.000000
231.000000  0.000000
231.083333  0.000000
231.166667  0.000000
231.250000  0.000000
231.333333  0.000000
231.416667  0.000000
231.500000  0.000000
231.583333  0.000000
231.666667  0.000000
231.750000  0.000000
231.833333  0.000000
231.916667  0.000000
232.000000  0.000000
232.083333  0.000000
232.166667  0.000000
232.250000  0.000000
232.333333  0.000000
232.416667  0.000000
232.500000  0.000000
232.583333  0.000000
232.666667  0.000000
232.750000  0.000000
232.833333  0.000000
232.916667  0.000000
233.000000  0.000000
233.083333  0.000000
233.166667  0.000000
233.250000  0.000000
233.333333  0.000000
233.416667  0.000000
233.500000  0.000000
233.583333  0.000000
233.666667  0.000000
233.750000  0.000000
233.833333  0.000000
233.916667  0.000000
234.000000  0.000000
234.083333  0.000000
234.166667  0.000000
234.250000  0.000000
234.333333  0.000000
234.416667  0.000000
234.500000  0.000000
234.583333  0.000000
234.666667  0.000000
234.750000  0.000000
234.833333  0.000000
234.916667  0.000000
235.000000  0.000000
235.083333  0.000000
235.166667  0.000000
235.250000  0.000000
235.333333  0.000000
235.416667  0.000000
235.500000  0.000000
235.583333  0.000000
235.666667  0.000000
235.750000  0.000000
235.833333  0.000000
235.916667  0.000000
236.000000  0.000000
236.083333  0.000000
236.166667  0.000000
236.250000  0.000000
236.333333  0.000000
236.416667  0.000000
236.500000  0.000000
236.583333  0.000000
236.666667  0.000000
236.750000  0.000000
236.833333  0.000000
236.916667  0.000000
237.000000  0.000000
237.083333  0.000000
237.166667  0.000000
237.250000  0.000000
237.333333  0.000000
237.416667  0.000000
237.500000  0.000000
237.583333  0.000000
237.666667  0.000000
237.750000  0.000000
237.833333  0.000000
237.916667  0.000000
238.000000  0.000000
238.083333  0.000000
238.166667  0.000000
238.250000  0.000000
238.333333  0.000000
238.416667  0.000000
238.500000  0.000000
238.583333  0.000000
238.666667  0.000000
238.750000  0.000000
238.833333  0.000000
238.916667  0.000000
239.000000  0.000000
239.083333  0.000000
239.166667  0.000000
239.250000  0.000000
239.333333  0.000000
239.416667  0.000000
239.500000  0.000000
239.583333  0.000000
239.666667  0.000000
239.750000  0.000000
239.833333  0.000000
239.916667  0.000000
240.000000  0.000000
240.083333  0.000000
240.166667  0.000000
240.250000  0.000000
240.333333  0.000000
240.416667  0.000000
240.500000  0.000000
240.583333  0.000000
240.666667  0.000000
240.750000  0.000000
240.833333  0.000000
240.916667  0.000000
241.000000  0.000000
241.083333  0.000000
241.166667  0.000000
241.250000  0.000000
241.333333  0.000000
241.416667  0.000000
241.500000  0.000000
241.583333  0.000000
241.666667  0.000000
241.750000  0.000000
241.833333  0.000000
241.916667  0.000000
242.000000  0.000000
242.083333  0.000000
242.166667  0.000000
242.250000  0.000000
242.333333  0.000000
242.416667  0.000000
242.500000  0.000000
242.583333  0.000000
242.666667  0.000000
242.750000  0.000000
242.833333  0.000000
242.916667  0.000000
243.000000  0.000000
243.083333  0.000000
243.166667  0.000000
243.250000  0.000000
243.333333  0.000000
243.416667  0.000000
243.500000  0.000000
243.583333  0.000000
243.666667  0.000000
243.750000  0.000000
243.833333  0.000000
243.916667  0.000000
244.000000  0.000000
244.083333  0.000000
244.166667  0.000000
244.250000  0.000000
244.333333  0.000000
244.416667  0.000000
244.500000  0.000000
244.583333  0.000000
244.666667  0.000000
244.750000  0.000000
244.833333  0.000000
244.916667  0.000000
245.000000  0.000000
245.083333  0.000000
245.166667  0.000000
245.250000  0.000000
245.333333  0.000000
245.416667  0.000000
245.500000  0.000000
245.583333  0.000000
245.666667  0.000000
245.750000  0.000000
245.833333  0.000000
245.916667  0.000000
246.000000  0.000000
246.083333  0.000000
246.166667  0.000000
246.250000  0.000000
246.333333  0.000000
246.416667  0.000000
246.500000  0.000000
246.583333  0.000000
246.666667  0.000000
246.750000  0.000000
246.833333  0.000000
246.916667  0.000000
247.000000  0.000000
247.083333  0.000000
247.166667  0.000000
247.250000  0.000000
247.333333  0.000000
247.416667  0.000000
247.500000  0.000000
247.583333  0.000000
247.666667  0.000000
247.750000  0.000000
247.833333  0.000000
247.916667  0.000000
248.000000  0.000000
248.083333  0.000000
248.166667  0.000000
248.250000  0.000000
248.333333  0.000000
248.416667  0.000000
248.500000  0.000000
248.583333  0.000000
248.666667  0.000000
248.750000  0.000000
248.833333  0.000000
248.916667  0.000000
249.000000  0.000000
249.083333  0.000000
249.166667  0.000000
249.250000  0.000000
249.333333  0.000000
249.416667  0.000000
249.500000  0.000000
249.583333  0.000000
249.666667  0.000000
249.750000  0.000000
249.833333  0.000000
249.916667  0.000000
250.000000  0.000000
